{"frame_0000.png": [[234.5, 88.0, 401.5, 338.0], [143.5, 65.5, 286.5, 280.5], [366.0, 122.0, 566.0, 422.0]], "frame_0001.png": [[143.5, 65.5, 286.5, 280.5], [234.5, 88.0, 401.5, 338.0], [366.0, 122.0, 566.0, 422.0]], "frame_0002.png": [[234.5, 88.0, 401.5, 338.0], [143.5, 65.5, 286.5, 280.5], [366.0, 122.0, 566.0, 422.0]], "frame_0003.png": [[143.5, 65.5, 286.5, 280.5], [233.5, 88.0, 400.5, 338.0], [366.0, 122.0, 566.0, 422.0]], "frame_0004.png": [[366.0, 122.0, 566.0, 422.0], [234.0, 88.0, 400.0, 338.0], [143.5, 65.5, 286.5, 280.5]], "frame_0005.png": [[234.0, 88.0, 400.0, 338.0], [366.0, 122.0, 566.0, 422.0], [143.5, 65.5, 286.5, 280.5]], "frame_0006.png": [[143.5, 65.5, 286.5, 280.5], [234.0, 88.0, 400.0, 338.0], [369.0, 119.5, 569.0, 420.5]], "frame_0007.png": [[139.5, 67.0, 282.5, 281.0], [234.0, 88.0, 400.0, 338.0], [368.5, 119.5, 569.5, 420.5]], "frame_0008.png": [[375.90915687581685, 126.42812229670722, 572.7045677917414, 431.56468733856326], [146.69151585079697, 60.46704809721994, 279.88458080632546, 294.31064311758365]], "frame_0009.png": [[377.12714626069993, 109.89677096223778, 571.6628420462441, 418.2396787859589], [232.72612580427503, 87.84491892105979, 404.64085194403066, 348.35337619970613]], "frame_0010.png": [[227.0477199664527, 91.30056499800469, 403.04753535938613, 331.38364023266354], [132.0629316078023, 71.44911637627948, 272.9857309438887, 290.95310482520085]], "frame_0011.png": [[368.8790952952155, 96.20931416074964, 579.070509421469, 410.9901316881897], [130.18529640094113, 69.83671096750088, 268.5448562301966, 287.5134281757705]], "frame_0012.png": [[225.73074185540855, 86.8843797542851, 399.80539466713174, 329.14810817829726], [372.3808905301071, 118.32862817694135, 583.5686597548554, 425.6690235000496]], "frame_0013.png": [[369.306375044075, 95.84177311479631, 572.7839046421387, 412.59587802805726]], "frame_0014.png": [[230.1879736719169, 87.17765269925454, 391.75010522965414, 345.64292002320985], [353.2931910733103, 94.38452418579358, 573.5903523258137, 405.504787766398]], "frame_0015.png": [[139.54040017775586, 77.53761907307629, 269.1060937414678, 288.7546143967552], [235.31640596710693, 105.23980989262616, 396.72077626690844, 334.93778028807907]], "frame_0016.png": [[224.2944459877276, 77.7749759682164, 392.30401079966515, 340.6816637832667]], "frame_0017.png": [[350.2388349552997, 88.69990817522688, 546.0185526969789, 396.201121979415], [241.0774751479149, 76.12440975309842, 397.81783412174565, 338.0099033607976], [135.82737976475133, 88.21139022406088, 272.9570631104453, 286.47072431640464]], "frame_0018.png": [[129.50140791076782, 80.82238918995682, 280.06833712576866, 297.55235494385664], [353.8336317669396, 89.74074484618494, 555.5134268961366, 388.28775095156163]], "frame_0019.png": [], "frame_0020.png": [[354.1321319322119, 85.66180469677738, 541.5356260884704, 371.94467222014316]], "frame_0021.png": [[338.8248980753774, 85.04415114552738, 533.8179004876403, 384.2383140138597], [151.79680277788012, 85.72335806572352, 292.5876461508949, 310.8981014264545]], "frame_0022.png": [[154.4859633264175, 89.24756311255112, 292.93347241517336, 293.03628790521697], [340.8494313202418, 77.24941514177934, 528.5675290791438, 384.1114204755839], [231.60266513144038, 82.82387148027549, 405.19149631624447, 343.25492103573384]], "frame_0023.png": [[240.8339313420755, 89.74747069912141, 400.1243429452287, 339.07923278491313]], "frame_0024.png": [[163.08823938472506, 91.25898951505864, 316.3158653273406, 321.3476563527724], [322.16620957353354, 80.2564031946305, 520.6391641526534, 378.40073232385356]], "frame_0025.png": [[164.7435979248207, 85.78119690376033, 311.87340760679405, 299.05734866995505]], "frame_0026.png": [], "frame_0027.png": [], "frame_0028.png": [], "frame_0029.png": [[298.54266331333787, 101.78141881929685, 476.6812636491609, 374.2816754604677]], "frame_0030.png": [[235.5, 88.5, 402.5, 339.5], [186.5, 75.0, 341.5, 307.0], [294.0, 102.5, 476.0, 375.5]], "frame_0031.png": [[294.0, 102.5, 476.0, 375.5], [186.5, 75.0, 341.5, 307.0], [235.5, 88.5, 402.5, 339.5]], "frame_0032.png": [[186.5, 75.0, 341.5, 307.0], [235.5, 88.5, 402.5, 339.5], [294.0, 102.5, 476.0, 375.5]], "frame_0033.png": [[235.5, 88.5, 402.5, 339.5], [294.0, 102.5, 476.0, 375.5], [186.5, 75.0, 341.5, 307.0]], "frame_0034.png": [[294.0, 102.5, 476.0, 375.5], [235.5, 88.5, 402.5, 339.5], [186.5, 75.0, 341.5, 307.0]], "frame_0035.png": [[187.5, 75.0, 342.5, 307.0], [294.0, 102.5, 476.0, 375.5], [235.5, 88.5, 402.5, 339.5]], "frame_0036.png": [[187.5, 76.0, 342.5, 308.0], [236.5, 87.5, 403.5, 338.5], [294.0, 102.5, 476.0, 375.5]], "frame_0037.png": [[240.0, 85.5, 408.0, 338.5], [187.5, 75.5, 342.5, 308.5], [291.5, 105.0, 472.5, 377.0]], "frame_0038.png": [[291.7204558768006, 106.07496612339516, 467.95220808368225, 386.89667791040586]], "frame_0039.png": [], "frame_0040.png": [[296.7866947592065, 106.3649573924211, 469.54598147333655, 383.0420792025679]], "frame_0041.png": [[288.67389216094847, 131.2516792539515, 457.56100450730617, 405.4825704168115]], "frame_0042.png": [[181.2646210427835, 76.84579702600689, 340.6743623955844, 297.5984890905543]], "frame_0043.png": [[183.33748737642708, 71.90980177851429, 347.1119911380032, 299.79467195993294]], "frame_0044.png": [[193.26609579203705, 80.92363488534528, 342.39736491098495, 297.6054705961609], [290.25760800967964, 136.4782499350065, 460.6536865190083, 400.12720364794586]], "frame_0045.png": [[189.2198006747022, 74.41511645060378, 342.4978488819451, 307.4897155281628], [286.3061655007265, 143.08341613238758, 463.1597859524673, 399.5375385661159]], "frame_0046.png": [[299.6086959460243, 141.604401295025, 476.20984367462785, 388.65973014702746], [181.4273456024082, 84.23572661418449, 337.4901643542313, 319.2953943670892]], "frame_0047.png": [[287.9389649710754, 79.49413389121439, 470.6779273117333, 357.20108582665296], [190.8938689009384, 61.28013211027806, 340.6376335705203, 302.8331611200075]], "frame_0048.png": [[287.95407646847804, 63.48234355560795, 477.77268317255147, 357.4876311117768], [189.24926413472016, 85.57956384706566, 339.8920410511978, 300.5622297906753]], "frame_0049.png": [], "frame_0050.png": [], "frame_0051.png": [[185.99157575492023, 71.95165365428474, 345.8353833223837, 312.1943294813514], [316.36396552805377, 127.15147099853844, 499.90083923256077, 406.14836095298335]], "frame_0052.png": [[185.03870971925363, 69.98683179420584, 347.36327295231564, 297.42015112104036], [329.4447410592151, 129.4500835165004, 512.2271436617713, 412.87754303033535]], "frame_0053.png": [[337.01544013869744, 148.55504722120045, 520.0743117927767, 405.53269487377213]], "frame_0054.png": [[189.3799378100784, 80.66796182991558, 345.92079600948347, 317.4605416497851], [342.50042312913615, 127.4426389435229, 529.2530345789534, 424.5783723793267]], "frame_0055.png": [[358.25171681770905, 131.48154775528457, 539.6264555903658, 426.737904684626]], "frame_0056.png": [], "frame_0057.png": [[345.6971955911532, 137.46847802762412, 554.8196769181757, 411.6481829121041], [185.0684072791674, 71.63212171205721, 339.2294940667967, 317.336626565419]], "frame_0058.png": [[355.86285005321474, 123.59972097615427, 555.1664652770212, 419.03311773403203], [187.1751240421964, 69.12129409657224, 341.51631196213157, 314.1821864964626]], "frame_0059.png": [[194.49570967587044, 78.19773626741764, 347.1915390776472, 309.4716693570221], [362.44918527297904, 122.36292101760267, 554.5647660919062, 451.94832177846155]], "frame_0060.png": [[294.0, 103.5, 476.0, 376.5], [365.0, 121.0, 565.0, 421.0], [187.5, 75.0, 342.5, 307.0]], "frame_0061.png": [[294.0, 103.5, 476.0, 376.5], [365.0, 121.0, 565.0, 421.0], [187.5, 75.0, 342.5, 307.0]], "frame_0062.png": [[187.5, 75.0, 342.5, 307.0], [294.0, 103.5, 476.0, 376.5], [365.0, 121.0, 565.0, 421.0]], "frame_0063.png": [[294.0, 103.5, 476.0, 376.5], [187.5, 75.0, 342.5, 307.0], [365.0, 121.0, 565.0, 421.0]], "frame_0064.png": [[187.5, 75.0, 342.5, 307.0], [294.0, 103.5, 476.0, 376.5], [365.0, 121.0, 565.0, 421.0]], "frame_0065.png": [[365.0, 121.0, 565.0, 421.0], [294.0, 103.5, 476.0, 376.5], [187.5, 75.0, 342.5, 307.0]], "frame_0066.png": [[294.0, 103.5, 476.0, 376.5], [187.5, 75.0, 342.5, 307.0], [365.0, 121.0, 565.0, 421.0]], "frame_0067.png": [[282.5, 110.5, 461.5, 379.5], [187.5, 75.0, 342.5, 307.0], [370.0, 114.5, 572.0, 417.5]], "frame_0068.png": [[269.84872354690106, 123.56153977153922, 447.2046880284014, 380.31747614424796], [383.1568382636116, 101.31193031554723, 579.9107085497494, 427.1909910358516]], "frame_0069.png": [[194.1740120973235, 70.44530449616424, 332.5851147051411, 317.4513480875596], [384.3774484875964, 93.89019099712978, 578.4268266650611, 403.92802402550035]], "frame_0070.png": [[379.3290306088481, 92.5329509757782, 577.2727711641492, 417.57973905865856], [247.62102684396342, 153.243227032953, 408.98635306923467, 389.11656799086444]], "frame_0071.png": [[220.975312447946, 136.68656843451325, 387.058781061459, 380.0082320182683], [372.5320685372135, 84.91178847491572, 585.8051507214448, 414.86019912079246]], "frame_0072.png": [[200.6053058323479, 131.56929013542953, 363.2536035535409, 377.6484820942656], [377.50225927162194, 74.72413331075832, 578.1397556990787, 396.7161398515873]], "frame_0073.png": [[190.5648830025422, 138.95451190611925, 340.60173040575165, 379.21082495351595], [382.2661738078815, 85.12012508131683, 589.2801810547376, 399.4594977228003]], "frame_0074.png": [[364.5731696801874, 66.60171823397187, 584.8579660390329, 386.35949461192166], [176.46867655295358, 69.59955953045983, 347.0010208313586, 301.4612232854592]], "frame_0075.png": [[191.76594846748773, 71.08537391904399, 337.52670779631865, 307.8568672859333]], "frame_0076.png": [[185.87798388075177, 79.22614690192613, 345.39512611779793, 307.5418476995163], [366.06864440631585, 58.426837045487716, 568.2896721680709, 382.56664028355465]], "frame_0077.png": [[128.0318327877636, 145.2398699278526, 273.77511131597595, 356.9265486596178]], "frame_0078.png": [[110.21108907509685, 137.80854691593, 262.5446238166597, 357.45968815839586], [334.331711340531, 57.55685597127567, 535.3927665073533, 356.97500839012093]], "frame_0079.png": [[186.3742687866279, 67.55232694267997, 341.16649981496755, 316.47027352907526], [103.75650823546897, 116.59026448480826, 255.9360299111155, 342.3941342396349], [328.26631647706984, 66.9342012466759, 530.0043658744655, 347.70325278826886]], "frame_0080.png": [[94.87152407459261, 119.30119910070623, 240.40201734246006, 333.1633208976383], [320.3497576701631, 64.86169370591571, 520.8465368492552, 363.6980604591609]], "frame_0081.png": [[100.69443634572805, 118.84075218932661, 235.11383241647533, 318.277713582933], [180.8535376622613, 62.75219138524779, 336.74881088949024, 319.73513659832753]], "frame_0082.png": [[189.32982702673797, 58.95133029253708, 343.33919609121494, 306.0257174454009], [304.2750324172481, 58.08001241124165, 489.82622650502543, 339.9015089081183]], "frame_0083.png": [[185.43890268607836, 62.89992136637848, 336.6922988687902, 304.84942185688146], [97.93453428781869, 111.00535576138036, 241.0377617456012, 312.31916606751264], [293.58721933120523, 84.77381249309639, 473.2588425193283, 338.8233579056157]], "frame_0084.png": [[290.5147032068224, 67.10270006495395, 461.6855018288537, 341.88667796239207], [96.33521631258935, 108.28285118394957, 236.91275293402649, 301.48857898898825]], "frame_0085.png": [[275.4890859869975, 65.67561816637969, 455.2723948962176, 338.4186783980724], [100.92510348332739, 91.14301815108969, 244.2888622336011, 309.3420288839745]], "frame_0086.png": [[106.0743738030588, 88.61370206514573, 245.50557555266434, 301.43954649010215], [182.38011496375725, 68.72000395020984, 343.18039231747287, 309.81806578822585], [276.37057153491406, 71.3995970517506, 441.9445460701156, 330.958917695135]], "frame_0087.png": [[260.99337077576644, 72.98399569912613, 433.56476926096695, 340.0762097862212]], "frame_0088.png": [], "frame_0089.png": [[242.13153967408093, 91.53852312602709, 412.4158882295479, 345.7857652524912]], "frame_0090.png": [[236.5, 88.5, 403.5, 339.5], [187.5, 75.0, 342.5, 307.0], [146.0, 65.0, 290.0, 281.0]], "frame_0091.png": [[187.5, 75.0, 342.5, 307.0], [236.5, 88.5, 403.5, 339.5], [146.0, 65.0, 290.0, 281.0]], "frame_0092.png": [[187.5, 75.0, 342.5, 307.0], [146.0, 65.0, 290.0, 281.0], [236.5, 88.5, 403.5, 339.5]], "frame_0093.png": [[146.0, 65.0, 290.0, 281.0], [187.5, 75.0, 342.5, 307.0], [236.5, 88.5, 403.5, 339.5]], "frame_0094.png": [[236.5, 88.5, 403.5, 339.5], [187.5, 75.0, 342.5, 307.0], [145.0, 65.0, 289.0, 281.0]], "frame_0095.png": [[145.0, 65.0, 289.0, 281.0], [187.5, 75.0, 342.5, 307.0], [236.5, 88.5, 403.5, 339.5]], "frame_0096.png": [[236.5, 88.5, 403.5, 339.5], [187.5, 75.0, 342.5, 307.0], [145.0, 65.0, 289.0, 281.0]], "frame_0097.png": [[264.0, 95.0, 438.0, 357.0], [145.0, 65.0, 289.0, 281.0], [198.0, 78.5, 356.0, 315.5]], "frame_0098.png": [[141.15455850581316, 66.48194710619573, 299.67327577693527, 265.9557499581499], [207.61434236723582, 79.24147626855861, 368.97214816832, 330.24017081567547], [284.9488857654991, 112.81234282479862, 471.0711463755185, 367.9055267538927]], "frame_0099.png": [[143.40450230238378, 67.11149793567479, 291.9197208091189, 289.06901735477896], [229.89075215021117, 79.75868906455425, 384.33423018307724, 341.8110331195397], [336.3179453324083, 104.19364300177851, 521.8642247626369, 398.9362854089506]], "frame_0100.png": [[231.80140464928738, 94.01105044988323, 400.52006821411885, 332.2182944764594], [133.625664597297, 64.43155103430509, 297.1402684550683, 279.7649837389373], [363.0656762062719, 119.60252543245068, 579.3557436650581, 422.670825405068]], "frame_0101.png": [[364.5352651944485, 119.77376507270229, 551.9455947813057, 412.8258917704443], [139.24719605840954, 72.0942336880495, 294.608055926059, 273.01783354434656], [243.68108256991135, 88.67768570837352, 405.44146266151296, 349.56708866764586]], "frame_0102.png": [[228.09956671105155, 87.75411547797131, 402.92922277715536, 345.305107426498], [368.4068371806854, 125.90424531732319, 565.4391445382624, 410.57161972809837], [148.84788082088346, 47.625295990230256, 295.6655725407327, 276.033873662917]], "frame_0103.png": [[235.78685077269208, 81.05797537590978, 403.0227611186343, 351.51956055196314], [149.32736749091313, 71.84099977080658, 282.24547461658256, 279.76397969863916]], "frame_0104.png": [[364.70667949889787, 117.39548504211767, 572.2365828462613, 420.4374373719865], [242.4698122365095, 82.56995314462796, 408.2414401879341, 328.4871734601604]], "frame_0105.png": [[351.44148576301336, 99.02398573657807, 575.2635733498562, 414.48527432228343], [232.4730417673611, 81.66089787982312, 405.38274553145607, 340.2978957478488]], "frame_0106.png": [[363.51322486356986, 126.29906007133457, 568.1821090244136, 411.69111891536704], [145.12685334007685, 67.62039614695114, 279.2955474901365, 271.3068693546263]], "frame_0107.png": [[240.16714477236738, 98.02164024101091, 403.1094109974686, 334.8515875275019], [378.0489835660924, 131.03735506340612, 562.5785964204986, 417.54191963866793], [148.8644101616333, 71.57361188241109, 288.5594271621185, 274.7206413730579]], "frame_0108.png": [[240.3800784306162, 90.4413697289016, 408.80724013344064, 328.85720573282345], [142.11993153077628, 72.8920211906225, 284.9383077583359, 288.4503238930157], [373.9721828414815, 114.4022834599269, 574.872730782887, 428.0370638799567]], "frame_0109.png": [[144.39726751926204, 61.37815604835441, 284.9005273628584, 281.28248000351266]], "frame_0110.png": [[376.8590052967656, 116.1210104702999, 561.9574909181339, 410.9297057494707], [149.5125431299796, 64.25203623868587, 292.91094364266513, 279.860008669487]], "frame_0111.png": [[364.49175015946514, 115.98742596502771, 575.2214092361031, 423.61019259314486], [235.6948509323517, 83.38736495913518, 401.723847884753, 347.40008835164366], [143.1493570868517, 72.36391634762411, 290.1514870973973, 279.947856230548]], "frame_0112.png": [[238.27520191484075, 80.68949903175998, 399.4712290282962, 337.8404467858422], [144.22952147144477, 60.63431222602247, 294.29384745904736, 274.73441372268934], [366.5006861091113, 124.6286540726854, 566.0615386220386, 430.4050817658396]], "frame_0113.png": [[229.65833196801117, 89.0817517702955, 406.7518731292966, 342.25904756917186], [359.90037835581785, 133.30407261106265, 552.1599468572231, 411.02235388263415]], "frame_0114.png": [[362.0819351333955, 98.77233232851513, 569.0632825125404, 433.59726285746314], [236.29570423047625, 89.05506780752906, 400.57618927612646, 339.82777445818783], [151.50132735423057, 63.66278802206034, 290.2610857495781, 275.7068595658389]], "frame_0115.png": [[369.5511978590321, 141.2360747811337, 578.5014853792558, 405.8283670955171], [237.45548216114497, 78.43979555277485, 395.1790899659642, 337.4176833046852]], "frame_0116.png": [[140.76061251535342, 54.63343385300078, 294.08450948380215, 273.76644202985926], [235.98424294346293, 91.9573368557118, 404.7000809057339, 342.04255840437986], [368.8946359771252, 118.90511703220011, 570.6041358074842, 404.9923594760395]], "frame_0117.png": [[366.15638159065617, 122.34209957648505, 570.3545803919798, 415.39383434068276], [238.98789422269522, 92.67547675183658, 409.8123929206674, 338.2476801254775]], "frame_0118.png": [[141.0031392825042, 55.6841149441146, 290.0186804206249, 280.67512108202527], [365.46650406021286, 114.46986137586957, 555.9380676962012, 432.04346623854553], [242.7390338176977, 86.06767802672735, 406.17288121411525, 336.5623888381812]], "frame_0119.png": [[250.6741336496584, 85.56349621528142, 398.7139113703527, 324.2057521231677], [144.60320242654478, 63.17490002696172, 276.7461283736577, 286.5712904003207], [367.80161987929114, 125.68061928835259, 553.9330648661743, 420.13966319190337]], "frame_0120.png": [[145.0, 65.0, 289.0, 281.0], [236.5, 87.5, 403.5, 338.5], [365.0, 121.0, 565.0, 421.0]], "frame_0121.png": [[236.5, 87.5, 403.5, 338.5], [145.0, 65.0, 289.0, 281.0], [365.0, 121.0, 565.0, 421.0]], "frame_0122.png": [[236.5, 87.5, 403.5, 338.5], [145.0, 65.0, 289.0, 281.0], [365.0, 121.0, 565.0, 421.0]], "frame_0123.png": [[236.5, 87.5, 403.5, 338.5], [145.0, 65.0, 289.0, 281.0], [365.0, 121.0, 565.0, 421.0]], "frame_0124.png": [[236.5, 87.5, 403.5, 338.5], [145.0, 65.0, 289.0, 281.0], [365.0, 121.0, 565.0, 421.0]], "frame_0125.png": [[145.0, 65.0, 289.0, 281.0], [236.5, 87.5, 403.5, 338.5], [365.0, 121.0, 565.0, 421.0]], "frame_0126.png": [[145.0, 65.0, 289.0, 281.0], [365.0, 121.0, 565.0, 421.0], [236.5, 87.5, 403.5, 338.5]], "frame_0127.png": [[146.0, 65.0, 290.0, 281.0], [236.5, 87.5, 403.5, 338.5], [365.0, 121.0, 565.0, 421.0]], "frame_0128.png": [[364.2109248685973, 134.34082527030455, 563.8155071743422, 421.31785525294725], [229.76606847120635, 91.98224143775826, 409.8710308497111, 341.5987179751534]], "frame_0129.png": [[151.5456039523008, 66.00008881267415, 286.33821540752325, 274.08723292809674], [368.15431345492203, 123.23918027039831, 568.6125771718127, 415.0180211618417]], "frame_0130.png": [[143.78041275572778, 76.34794445308842, 288.2384390503047, 274.5533256489492], [234.99171876908625, 92.70964277344528, 414.09154541232976, 337.98739871176235]], "frame_0131.png": [[144.9737166106299, 73.0870918570218, 294.93646791847857, 281.5958600825379], [242.3969817349125, 88.32511502648164, 404.94315976165075, 342.2569306917952], [368.56054964642505, 115.70141135991265, 556.1073064928523, 428.3924255383336]], "frame_0132.png": [[138.41504181030817, 65.47508098628349, 288.1657568094374, 288.8096783776865]], "frame_0133.png": [[242.9429099176766, 86.5391514272368, 403.0404989291916, 342.2381969155123], [370.47142164529777, 139.19603929246725, 561.3686024268012, 427.30681632797234]], "frame_0134.png": [[366.9438409488888, 115.00564407909135, 560.1203817989427, 421.3067811063581], [146.7054475438607, 59.5333424012365, 288.0493953694536, 292.60012004690765]], "frame_0135.png": [[148.54104629582955, 60.505190730994045, 288.56633663896076, 276.0051141810567], [362.674548143461, 118.11796369543997, 567.6750985964635, 427.22299397739783]], "frame_0136.png": [[231.90689188914294, 83.6921212497645, 416.6279943527548, 342.42641197576273], [369.5680699894244, 106.13437833690921, 564.4478343979604, 416.18244389305397]], "frame_0137.png": [[145.67367803087856, 63.31976557372093, 290.5315938097235, 283.648218572003], [358.1674442991394, 113.02996938276797, 570.0883091643947, 419.84205113367716], [237.3448884017679, 85.51852649019904, 405.7803252936718, 334.88618972681985]], "frame_0138.png": [[356.30567440854395, 126.74333299329868, 569.364021481742, 413.81705353992703]], "frame_0139.png": [[234.38382859435572, 94.03545614375278, 400.9891931364835, 316.0333103505315], [146.3998718882661, 47.43008325788061, 292.3897037352416, 280.311340212892], [368.6260235218897, 132.77143183349563, 565.1630380230645, 420.50488480770053]], "frame_0140.png": [[233.99143844094672, 82.29448627460232, 396.23279350666496, 342.9747798220011], [146.66684812936694, 64.28684316462723, 289.1392750701596, 281.03328868203045], [359.20069884015385, 117.0592517212301, 568.0229729796364, 427.4387087398149]], "frame_0141.png": [[148.8733945854317, 66.00886014427854, 288.0555040083794, 269.9406747370671], [238.53227240072454, 79.0333002500176, 406.5130420364174, 347.3119141630919]], "frame_0142.png": [[145.68953297387066, 61.49315735616135, 290.65144599516947, 288.9349855024362], [365.481016671934, 132.7563671130503, 571.7793237773076, 429.74025802198906]], "frame_0143.png": [[237.22195790007294, 81.72807942931125, 400.4112699151509, 329.1975707521324], [359.2726113266724, 132.2700843259851, 563.756239793675, 418.0106480413712]], "frame_0144.png": [[153.10347644226084, 61.55065688844297, 281.8167741487881, 277.75892060182133], [233.35127644685335, 93.65899250667314, 396.910843810066, 342.5454925337342], [370.8048349362328, 137.48806663085435, 573.9734575451819, 424.6617160477999]], "frame_0145.png": [[232.54779640791003, 77.31796153869631, 419.0476096263655, 330.88545768271285], [152.21509965326902, 54.45668441828978, 286.7866158276431, 282.1955845943939]], "frame_0146.png": [[231.72990275919122, 87.68260612722455, 402.8307349307302, 334.9536357233888], [362.64536180886034, 111.63193202327838, 573.5168783489531, 429.0578856816734], [156.84092367842572, 77.55036806913247, 289.1619228457475, 283.1677766646554]], "frame_0147.png": [[371.68545413330855, 116.2016466365285, 563.2595050986387, 425.52852431776415], [229.52868612610237, 100.79136485393249, 401.39389834570454, 345.9622112371704], [150.7703882343147, 73.25234774126878, 285.30303663365595, 279.3038625956493]], "frame_0148.png": [[147.75324053583702, 66.35885137226582, 285.25114097189055, 281.804414791295], [239.22651823316588, 79.91690805282782, 402.58164264243857, 330.6387926234578], [363.9617724198992, 124.12220483458356, 560.4191476841702, 435.5281169345532]], "frame_0149.png": [[146.0, 65.0, 290.0, 281.0], [236.5, 87.5, 403.5, 338.5], [365.0, 121.0, 565.0, 421.0]]}