{"frame_0000.png": [[451.5, 173.0, 608.5, 409.0], [134.5, 75.5, 237.5, 230.5], [255.0, 111.5, 379.0, 298.5]], "frame_0001.png": [[255.0, 111.5, 379.0, 298.5], [452.5, 173.0, 609.5, 409.0], [134.5, 75.5, 237.5, 230.5]], "frame_0002.png": [[134.5, 75.5, 237.5, 230.5], [255.0, 111.5, 379.0, 298.5], [452.5, 173.0, 609.5, 409.0]], "frame_0003.png": [[134.5, 75.5, 237.5, 230.5], [452.5, 173.0, 609.5, 409.0], [255.0, 111.5, 379.0, 298.5]], "frame_0004.png": [[134.5, 74.5, 237.5, 229.5], [255.0, 111.5, 379.0, 298.5], [452.5, 173.0, 609.5, 409.0]], "frame_0005.png": [[134.5, 74.5, 237.5, 229.5], [452.5, 172.0, 609.5, 408.0], [255.0, 111.5, 379.0, 298.5]], "frame_0006.png": [[452.5, 172.0, 609.5, 408.0], [134.5, 74.5, 237.5, 229.5], [259.5, 109.0, 384.5, 297.0]], "frame_0007.png": [[125.0, 78.5, 227.0, 231.5], [265.0, 106.5, 391.0, 295.5], [452.5, 172.0, 609.5, 408.0]], "frame_0008.png": [[268.71042079601773, 102.18610413332821, 395.40957065819117, 300.21919101177673], [450.3540554944725, 180.96962464535017, 607.9415788370253, 403.44757724861427], [117.42382841106003, 82.28386705612861, 212.77003527945536, 233.69877778627776]], "frame_0009.png": [[108.25439112976187, 88.95492588872433, 207.64168697958706, 246.38567640656248], [274.63804793550054, 96.537059903187, 404.0086993006531, 293.3775920817652], [454.71731916971925, 159.17497185982268, 604.4026904678459, 405.4667867708627]], "frame_0010.png": [[104.36114477070338, 94.24634909544775, 199.114006437757, 244.23149760243908], [438.3867812415509, 171.38275064969062, 610.1500136397765, 403.46741877727806]], "frame_0011.png": [[446.38894917559685, 166.5964669755969, 615.2288538285788, 410.31395577382375]], "frame_0012.png": [[93.75330251933242, 106.47485872257543, 192.11689749662173, 246.8387832678753], [299.59499849282344, 93.95626898446449, 425.5003690033401, 296.17111594637987], [455.4418779618505, 184.25972135551618, 605.7220791738561, 404.5035295126004]], "frame_0013.png": [[303.9743118767839, 96.00367575378537, 442.16962418254434, 295.90535713179577]], "frame_0014.png": [[311.6444836051818, 104.56810840702647, 434.4356388457489, 305.79985953672747], [88.22461597692356, 109.29918444769974, 191.63132027501024, 263.2436949280114], [455.6065457979353, 165.88587492310705, 604.2969176817372, 417.4040233425764]], "frame_0015.png": [[315.71691533483397, 97.7767749315465, 446.89186392798916, 311.56507449436947]], "frame_0016.png": [[322.00106015671133, 103.9458904010355, 460.85706558379644, 301.99582000856117], [450.3982527729437, 167.80225965987603, 614.7718376281618, 407.9042344082938], [94.43360874627045, 116.14724261355256, 194.50728708144146, 267.90236102455384]], "frame_0017.png": [[97.39568170744072, 131.6542556899593, 204.22874486599505, 281.9607217733094], [453.605157379489, 165.3838291081528, 610.753223054234, 419.82511875902145]], "frame_0018.png": [[329.81998795729265, 105.97173472345507, 477.6181902200245, 303.98033831207135], [463.03081359521195, 179.33245219312383, 605.2958132180705, 416.3380477979053]], "frame_0019.png": [[334.40733301176476, 107.13215114584948, 476.1854341267168, 317.41415390116987]], "frame_0020.png": [[449.206987511336, 165.1794980799304, 611.4283331649797, 405.83056985742815], [126.13255367963144, 132.87444565487667, 224.45785445096624, 295.5988079967822]], "frame_0021.png": [[336.3124831986492, 115.49006893661381, 484.3695949730908, 319.8179349990509], [136.67750736308008, 137.59466644338684, 242.7555406920225, 294.25117438366647]], "frame_0022.png": [[448.26401433320166, 169.73460901327678, 611.3178987425991, 419.4230979040917], [350.42448381418245, 110.32851252070594, 499.0634924794106, 320.22770606613557]], "frame_0023.png": [[454.1085652414532, 167.56542833806364, 612.2197354064197, 413.7639094296536], [347.94824171561004, 108.39190839520133, 494.3348035628349, 322.852652815418]], "frame_0024.png": [[179.03218672128838, 127.37189066672694, 285.9125905817955, 301.6660972517948], [444.07958151360646, 173.5060100189136, 609.1882322320483, 412.62016892218617], [358.129122460666, 115.15479897815112, 491.03861440388823, 336.02277600814557]], "frame_0025.png": [[454.08075185584215, 172.72582365250872, 595.3708932165708, 405.2033119406251], [353.2286052642928, 109.36501572922883, 490.24713005826004, 326.26843378143997], [192.04657652605522, 137.0555224796026, 311.38009039512394, 295.4987925315192]], "frame_0026.png": [[205.87436464336875, 129.65521864452117, 324.7265640376546, 304.45969729422893], [450.08270665905377, 185.09457750239827, 609.690729275802, 416.45203709937175]], "frame_0027.png": [[347.24906225905914, 126.57960963648281, 491.9644862797893, 346.4146772577959], [215.8215079530399, 130.4199093495788, 338.5892923276566, 305.6033228466926]], "frame_0028.png": [[345.92060004723726, 129.63103555808348, 485.6705732079608, 338.8405876974268], [454.05685033722665, 172.1317692172564, 604.2050873226211, 409.3616415106886], [240.3628476657938, 122.4397905316339, 352.99038430609596, 305.19213569186655]], "frame_0029.png": [[456.0033129074537, 190.87750120990975, 603.1052373692958, 405.27327521578593], [342.3263101021666, 136.96759294097907, 480.3258258560167, 335.73279540577954], [239.5985672908154, 110.58010832961152, 366.41338265369, 309.721918749948]], "frame_0030.png": [[450.5, 171.0, 607.5, 407.0], [256.5, 110.5, 381.5, 297.5], [341.5, 135.5, 480.5, 344.5]], "frame_0031.png": [[256.5, 110.5, 381.5, 297.5], [341.5, 135.5, 480.5, 344.5], [450.5, 171.0, 607.5, 407.0]], "frame_0032.png": [[450.5, 171.0, 607.5, 407.0], [256.5, 110.5, 381.5, 297.5], [341.5, 135.5, 480.5, 344.5]], "frame_0033.png": [[341.5, 135.5, 480.5, 344.5], [450.5, 172.0, 607.5, 408.0], [256.5, 111.5, 381.5, 298.5]], "frame_0034.png": [[450.5, 172.0, 607.5, 408.0], [341.5, 135.5, 480.5, 344.5], [256.5, 111.5, 381.5, 298.5]], "frame_0035.png": [[341.5, 135.5, 480.5, 344.5], [256.5, 111.5, 381.5, 298.5], [450.5, 172.0, 607.5, 408.0]], "frame_0036.png": [[341.5, 135.5, 480.5, 344.5], [256.5, 111.5, 381.5, 298.5], [450.5, 172.0, 607.5, 408.0]], "frame_0037.png": [[252.0, 114.0, 376.0, 300.0], [353.0, 125.5, 495.0, 338.5], [450.5, 172.0, 607.5, 408.0]], "frame_0038.png": [[371.0125738831412, 105.98729072079219, 498.3265404155628, 330.97774094379076], [246.95589374106217, 121.89231564901903, 365.2660988683045, 292.59176853253865]], "frame_0039.png": [[242.200321327206, 106.53247277385029, 360.6275763540487, 303.05915851363113], [449.8538963698222, 180.73557637489725, 608.3159063417678, 418.4661428700941], [363.989032070954, 96.08497430328023, 509.31880793982515, 326.4827699459641]], "frame_0040.png": [[364.2960496220787, 88.47202408118977, 513.1515723543395, 314.1158728003507]], "frame_0041.png": [[458.3917254207402, 168.05783893143217, 612.4345670826701, 406.61982320785165], [377.07987396630887, 80.86105344422914, 517.600024604213, 311.7004624643318], [227.3697380341495, 109.96927781732252, 342.8189997303922, 295.1532606575247]], "frame_0042.png": [[356.7319621782502, 78.76938165451254, 524.8669706317721, 299.7303331582805], [223.61195519760483, 128.92887429597081, 337.1820077966913, 303.6091813621969]], "frame_0043.png": [[364.3662140978685, 67.50361281024522, 513.1379308503091, 300.3963812037498], [451.0363908528702, 172.45248842349605, 613.6704853639842, 403.2302748928261], [218.0471871303201, 126.82401945226894, 331.8830580428985, 303.3658480791589]], "frame_0044.png": [[350.73987510749976, 62.749792722430065, 510.04818434577356, 294.0037530377072], [451.5885511770527, 174.8434710493401, 608.2849951626712, 400.4927869342355]], "frame_0045.png": [[445.215487390017, 167.81949546654613, 599.4295801426191, 404.747932714556], [193.49934115585592, 134.47446840472344, 314.8494118471107, 293.5714162818392], [352.32431917371855, 62.41279529582076, 499.2464137184024, 268.2590052198513]], "frame_0046.png": [[193.92146303985126, 127.1504970322816, 314.2454136873344, 301.2133026243002], [342.22310027501413, 57.50845226102725, 477.3821583199378, 256.02666099668073]], "frame_0047.png": [[329.2441174252007, 52.491342122139464, 463.6519870594668, 272.6165996397983], [187.10200485773586, 121.46301457307233, 299.3414132774917, 297.27601840843766], [451.2213266775744, 177.58832532343303, 612.65286114018, 402.55164333522237]], "frame_0048.png": [[312.47806417992393, 44.72725534608768, 455.51144199857606, 267.3395475988212], [451.4081079005853, 158.63226810271243, 600.058238874707, 396.51577094501994]], "frame_0049.png": [[181.66469538584687, 114.11183083344704, 288.67704539963836, 291.79704729328915], [453.87145780691776, 160.25166055301568, 607.255969066619, 407.0159465429685], [297.716007114444, 46.321671995239846, 431.54544282156905, 238.0151749372012]], "frame_0050.png": [[175.1804673012372, 116.52206974711854, 288.161877516626, 281.25506561838034], [450.31225984284976, 165.34575175718894, 607.6458788010642, 412.0976306272471]], "frame_0051.png": [[170.5353992548356, 107.87273326155311, 284.9626332039179, 282.8360227984518], [450.40734799468987, 171.8864390053205, 604.8205263238672, 400.6411887533462], [277.206713081964, 48.600543860590484, 397.5826014927004, 238.98295578740505]], "frame_0052.png": [[263.9881394577527, 48.68948494199764, 383.62584907009483, 232.94199130016523], [167.37199592262056, 122.25343328394018, 289.42033865095874, 276.28953467915085]], "frame_0053.png": [[175.1006707547813, 112.60613380545024, 285.0889790649837, 271.89025747662043], [457.40420639844933, 164.31101530744235, 603.2002902383452, 407.10787762534085]], "frame_0054.png": [[232.79099409522954, 51.39890179464371, 348.7792930858244, 219.705310924831], [447.6353814548401, 178.33784625455507, 602.907513924013, 419.00220247518826]], "frame_0055.png": [[440.78891927399786, 181.78605242966447, 602.2997311193777, 404.9831998845322], [175.07926913500188, 102.45484941446517, 285.25149300221335, 273.0009684454327], [212.93470731915863, 49.640580693210765, 333.1721071213441, 226.9823280049668]], "frame_0056.png": [[455.00255971414475, 186.12926557537318, 599.5080457429718, 401.1550734765578], [194.86957611480491, 56.781424216357856, 310.24163551332634, 231.96661792194683]], "frame_0057.png": [[182.35402475941436, 108.98197275787007, 291.007200898766, 266.5144556338799], [449.8391741573588, 170.08059920375834, 600.7450801549638, 411.44799509373183]], "frame_0058.png": [[180.65005145223685, 99.80677649870476, 292.23619316753576, 263.19767093170987]], "frame_0059.png": [], "frame_0060.png": [[191.5, 91.0, 304.5, 261.0], [137.5, 75.5, 240.5, 230.5], [450.5, 172.0, 607.5, 408.0]], "frame_0061.png": [[137.5, 75.5, 240.5, 230.5], [450.5, 172.0, 607.5, 408.0], [191.5, 91.0, 304.5, 261.0]], "frame_0062.png": [[137.5, 75.5, 240.5, 230.5], [191.5, 91.0, 304.5, 261.0], [450.5, 172.0, 607.5, 408.0]], "frame_0063.png": [[137.5, 75.5, 240.5, 230.5], [191.5, 91.0, 304.5, 261.0], [450.5, 172.0, 607.5, 408.0]], "frame_0064.png": [[450.5, 172.0, 607.5, 408.0], [191.5, 91.0, 304.5, 261.0], [137.5, 75.5, 240.5, 230.5]], "frame_0065.png": [[450.5, 172.0, 607.5, 408.0], [137.5, 75.5, 240.5, 230.5], [191.5, 91.0, 304.5, 261.0]], "frame_0066.png": [[191.5, 91.0, 304.5, 261.0], [137.5, 75.5, 240.5, 230.5], [452.0, 170.5, 610.0, 407.5]], "frame_0067.png": [[463.5, 153.0, 626.5, 397.0], [191.5, 91.0, 304.5, 261.0], [118.5, 83.0, 219.5, 235.0]], "frame_0068.png": [[474.4114372984508, 133.41569349113124, 638.34340156286, 387.8451576433548]], "frame_0069.png": [[470.15475421273703, 111.12266048909872, 633.2187934492554, 381.58931965193864]], "frame_0070.png": [[191.90047774205928, 91.29408175841452, 301.1068669666819, 260.1846635324364], [61.70604171756614, 112.30004027272355, 169.38038864643116, 248.14283281819186], [476.9485242593245, 110.15548268685296, 649.5832481675274, 370.5846040884643]], "frame_0071.png": [[186.02766015688144, 86.95840305645494, 297.75581410157673, 260.7087678830327], [57.23128713115662, 121.48758867171954, 155.9043020863598, 262.39858350644124], [473.9519636365224, 73.05853962788666, 634.2053822311824, 355.5563507421657]], "frame_0072.png": [[193.00122073290757, 99.2533178126164, 308.6482074078427, 263.103382301873]], "frame_0073.png": [[35.16052654103394, 150.3680893812297, 133.84250624829667, 291.48773353502804], [195.33581360977593, 86.0251625676891, 312.571626635328, 257.52785503545084], [447.118117291614, 62.25059610703761, 628.2439666718699, 320.0596724309969]], "frame_0074.png": [[185.89142376050373, 92.13778827641728, 313.6621384632507, 256.20861307445193], [444.5795531559319, 49.50663973525984, 616.7545575456342, 326.399862891434]], "frame_0075.png": [[421.82534640978787, 52.94935790516961, 597.7332818140408, 304.52737806459425], [192.8508014912325, 86.68532117241422, 302.88657128929077, 258.69564275514904]], "frame_0076.png": [[405.69760613604615, 36.829357152773966, 568.1429194498194, 297.2983311029821], [186.35187909186013, 87.46239493235802, 311.07865035312983, 264.58391765357925], [33.76114157767536, 191.71830548066973, 131.89248125406553, 329.1768125707795]], "frame_0077.png": [[41.56120525378911, 195.07009710261968, 146.0245311028203, 348.99158133893195], [389.29831275915336, 47.038215278261994, 549.0819462641196, 276.8853264096957], [197.66391075234574, 86.21197168834327, 304.0957990608774, 260.13597200118005]], "frame_0078.png": [[376.1283541754947, 28.67183312126165, 525.2462019843712, 274.5460142233031]], "frame_0079.png": [[191.92768201355213, 80.68389096948052, 315.49493432262784, 266.46884024653593], [80.08398369605482, 225.9879120780092, 191.0043391190713, 380.8792375004824]], "frame_0080.png": [[330.5706660661157, 25.92728227705127, 477.57263236886894, 258.01281418847117], [105.3791447344944, 238.19461942895592, 217.32783834552728, 399.9387991394036], [189.0125906845958, 81.25068763723236, 299.9624118528308, 264.089322064691]], "frame_0081.png": [[134.7705098298944, 245.23301048083505, 250.17547602510697, 414.9967230073726], [312.4444444048322, 39.750771438097104, 463.1473270470939, 248.40727514290106], [187.82200382511866, 93.95485733305308, 303.27118493048414, 260.73422782840447]], "frame_0082.png": [[189.93881967957597, 84.52739086877047, 302.4633297856311, 259.2911042706504], [176.4743900837616, 245.02304476509943, 287.2957895210811, 425.1437906149133], [293.9940624602474, 27.135335769762314, 432.4954443366585, 248.53124232374688]], "frame_0083.png": [[181.5343362820715, 87.77040476063969, 306.17189697085627, 255.4102108098817], [277.93196242316003, 46.0472463515162, 405.6552963378187, 243.8593588425697], [210.14885090201196, 255.93795370029449, 325.9344091861593, 419.2527655794407]], "frame_0084.png": [[255.98068259408484, 257.96081540002746, 379.8495472861967, 435.4074651948814], [189.70837794957902, 95.15582698902494, 308.0941894420402, 260.2595327332948], [256.7829468362021, 50.743300642761305, 380.2577105829565, 224.63233784410298]], "frame_0085.png": [[235.90544156876103, 41.5263445195553, 361.34097453306936, 221.09950567147825], [190.8676481532528, 83.95590235142606, 303.58196595466575, 255.71629759782053]], "frame_0086.png": [[215.54259019809118, 55.25762862335311, 333.8285808631211, 229.7925966492219]], "frame_0087.png": [[374.8318080023089, 218.99387861330524, 518.3136175759464, 421.4613471609608]], "frame_0088.png": [[186.24700782347665, 94.83396187423834, 305.1521867468498, 252.05531661848602], [404.22186042885625, 202.51741344863117, 557.1271283092699, 421.9272434388615]], "frame_0089.png": [[431.69173557489387, 199.65371575908597, 581.1831819061342, 414.2472007675069], [189.77920557918515, 95.60581200849788, 302.50761106460914, 263.4060610870761]], "frame_0090.png": [[137.5, 75.5, 240.5, 230.5], [191.5, 91.0, 304.5, 261.0], [450.0, 170.5, 608.0, 407.5]], "frame_0091.png": [[450.0, 170.5, 608.0, 407.5], [191.5, 91.0, 304.5, 261.0], [137.5, 75.5, 240.5, 230.5]], "frame_0092.png": [[137.5, 75.5, 240.5, 230.5], [191.5, 91.0, 304.5, 261.0], [450.0, 170.5, 608.0, 407.5]], "frame_0093.png": [[191.5, 91.0, 304.5, 261.0], [450.0, 170.5, 608.0, 407.5], [137.5, 75.5, 240.5, 230.5]], "frame_0094.png": [[450.0, 170.5, 608.0, 407.5], [137.5, 75.5, 240.5, 230.5], [191.5, 91.0, 304.5, 261.0]], "frame_0095.png": [[450.0, 170.5, 608.0, 407.5], [137.5, 75.5, 240.5, 230.5], [191.5, 91.0, 304.5, 261.0]], "frame_0096.png": [[137.5, 75.5, 240.5, 230.5], [450.0, 170.5, 608.0, 407.5], [191.5, 91.0, 304.5, 261.0]], "frame_0097.png": [[137.5, 75.5, 240.5, 230.5], [206.0, 96.0, 322.0, 270.0], [450.0, 170.5, 608.0, 407.5]], "frame_0098.png": [[446.1105906600974, 163.15757436098804, 609.9398974237605, 394.01720056331555], [138.28205430392867, 68.1693526634383, 240.71360993177254, 228.45197469126214]], "frame_0099.png": [[236.7689647573887, 99.45434315795086, 363.9256351732626, 283.850380143357], [133.96549904402042, 76.39580684861346, 243.92755538427411, 227.1486443703128]], "frame_0100.png": [[260.1148188992591, 112.09541738830667, 384.2415614545928, 296.78865482688803], [136.5054563005599, 71.32139494472581, 238.67189872030886, 233.1493134658999]], "frame_0101.png": [[262.4420741608608, 113.63280859957418, 381.47962048373984, 290.1449351884001], [136.67738115742586, 79.88867697855606, 247.52625315108662, 229.14347406655529], [457.3851804996497, 179.42530540003258, 607.2462807676651, 404.12238252296083]], "frame_0102.png": [[447.03244093693723, 166.41710635000206, 611.8744131359689, 401.35151894730126], [141.31094659273853, 75.82919512217116, 233.93329860306488, 231.06643827497837], [261.02782640935317, 110.51131256121886, 381.644013583289, 302.59183621309376]], "frame_0103.png": [[448.0906996049722, 175.79208783851655, 611.4959808822097, 414.20472165764284], [259.4768004115133, 113.10474929017808, 380.1027824418352, 290.11702214009824]], "frame_0104.png": [[455.3579894711427, 167.12722059061122, 614.4631226063406, 406.0716863541446], [257.3752364339961, 119.91662608746756, 384.1985304608697, 300.3533804736595]], "frame_0105.png": [[135.74245447933188, 77.35994092975147, 246.85017825361135, 232.37555252079508], [254.99759753301194, 109.6108343821505, 384.4890409695679, 299.3653209830025], [444.6841169349741, 160.68103373972136, 603.2240448450839, 403.0799615552903]], "frame_0106.png": [[139.76263212702617, 72.11370497607315, 241.8841594016088, 224.16488245665317], [259.6226494886461, 104.07532669722175, 380.7783793798564, 295.20753426462784], [456.4562419974631, 184.3634190159354, 604.2940398251654, 410.2523462149598]], "frame_0107.png": [[264.6313820699969, 113.68502872501051, 382.8379657835761, 299.7082799014421], [140.45159456220821, 82.1951271187505, 236.60043063714173, 234.49443206169732]], "frame_0108.png": [[138.04438640010312, 72.2679983800108, 242.7540944843562, 231.27847301636768], [453.7988754775451, 168.2520807082983, 607.8532120907212, 403.7546595735948]], "frame_0109.png": [[451.0208268521216, 177.84101084204025, 603.7720452306474, 406.121906268148], [258.29665801643733, 123.05431228501416, 379.84785138224714, 306.62225519313455]], "frame_0110.png": [[447.20215060527363, 167.02475241895243, 605.474516419233, 409.4965894620801], [137.1194773245524, 74.46709921120993, 244.68203082581172, 236.6201630995879]], "frame_0111.png": [[137.0787510743603, 69.59756705606299, 240.58983101124252, 228.75538445662238], [448.02460037923527, 163.78562561814192, 602.8330029630073, 410.5390568392236]], "frame_0112.png": [[135.21491112415126, 79.09902960297539, 240.9909200690428, 219.37737976516303]], "frame_0113.png": [[138.08222968006146, 77.58100825599361, 239.94557908214796, 233.7209608183436], [252.97305242707063, 114.25420561983141, 378.17085083461455, 297.78912693435785], [455.76908490051545, 179.7457925905305, 606.2608070538763, 402.1186589556725]], "frame_0114.png": [[253.69606725081627, 105.64832774450417, 385.85774066952155, 293.3207861618485], [138.6129590323169, 79.42370167349394, 241.69577109128164, 232.06832204739692]], "frame_0115.png": [[261.1868693587884, 114.49308569478131, 385.1465759911898, 304.4323574058309], [451.07351767104836, 163.46208253606304, 612.3318080356862, 409.3357050618939], [138.84606930988292, 80.77944650246246, 236.94342979104553, 233.3264947492973]], "frame_0116.png": [[137.50166750092043, 67.1180730020368, 240.42745081060914, 235.3361533789661], [448.6047036589012, 163.2736010510716, 612.1311377396396, 418.5689081869934], [257.5659094142009, 120.22968055321795, 383.14418542700565, 304.122450724107]], "frame_0117.png": [[454.98945617958935, 162.04679196087017, 602.422671247733, 412.0801543478027]], "frame_0118.png": [[138.51396214163483, 75.75532047685076, 240.31588511977387, 231.5063228696255], [257.2784581119854, 109.74245178399451, 377.5225595129335, 294.86556829777646]], "frame_0119.png": [[459.1388726622375, 152.76133289244393, 608.1334429805454, 411.6631670808501], [257.1889334517991, 109.51330497932993, 378.01084761546105, 292.8325030900739], [136.47103031159077, 83.49345901227075, 233.10454216687128, 229.98894388506673]], "frame_0120.png": [[137.5, 75.5, 240.5, 230.5], [257.5, 111.0, 382.5, 299.0], [450.5, 171.0, 607.5, 407.0]], "frame_0121.png": [[257.5, 111.0, 382.5, 299.0], [137.5, 75.5, 240.5, 230.5], [450.5, 171.0, 607.5, 407.0]], "frame_0122.png": [[450.5, 171.0, 607.5, 407.0], [257.5, 111.0, 382.5, 299.0], [137.5, 75.5, 240.5, 230.5]], "frame_0123.png": [[257.5, 111.0, 382.5, 299.0], [450.5, 171.0, 607.5, 407.0], [137.5, 75.5, 240.5, 230.5]], "frame_0124.png": [[257.5, 111.0, 382.5, 299.0], [450.5, 171.0, 607.5, 407.0], [137.5, 75.5, 240.5, 230.5]], "frame_0125.png": [[137.5, 75.5, 240.5, 230.5], [257.5, 111.0, 382.5, 299.0], [450.5, 171.0, 607.5, 407.0]], "frame_0126.png": [[137.5, 75.5, 240.5, 230.5], [450.5, 171.0, 607.5, 407.0], [257.5, 111.0, 382.5, 299.0]], "frame_0127.png": [[450.5, 171.0, 607.5, 407.0], [257.5, 111.0, 382.5, 299.0], [137.5, 75.5, 240.5, 230.5]], "frame_0128.png": [], "frame_0129.png": [[260.54554581779956, 115.08632821782778, 384.6628235146246, 307.22105311424616], [454.08269837815317, 162.21471455963407, 604.8574294618838, 401.74166785022436], [134.76160666519326, 70.05778439512008, 243.985411118, 231.4214358279936]], "frame_0130.png": [[253.34751219400775, 111.12433164222932, 382.64605985039674, 294.7493232657041], [138.2814448469064, 70.0819759056909, 241.18140441783427, 226.72714835303677]], "frame_0131.png": [[451.2706874360188, 175.05457747662942, 610.2133656873509, 404.5086500781351], [256.2727006481271, 102.83001429270861, 380.32348422330614, 306.420657714684]], "frame_0132.png": [[258.8040350621489, 110.67148867726519, 374.42987213461026, 295.82600287042607], [449.79458647243274, 169.9953376829871, 602.2161500861381, 402.09630801675553]], "frame_0133.png": [[138.8051472262013, 69.21210451557339, 242.23882330204748, 226.91183496957566]], "frame_0134.png": [[255.8564822966295, 111.95628398370995, 385.0734529648921, 289.4808831889097], [135.56638158409342, 77.8742790131951, 238.09767807307708, 227.31106531319062]], "frame_0135.png": [[258.1415193835344, 99.65263184011425, 380.5850780077062, 297.6624588146425], [455.9159639486224, 175.14136598976035, 605.9107789262598, 417.067871051658]], "frame_0136.png": [[258.27693219844076, 122.11302779931471, 383.4089421823519, 293.74017061365885], [449.2877903826349, 169.96389690505848, 610.4765339698195, 404.57439951960134]], "frame_0137.png": [[454.57697088947845, 167.1961370043893, 612.2527652456231, 404.2400488050547], [141.88344658559058, 83.7211584046956, 239.29167321495802, 232.10273993677015], [254.1154937513877, 109.75819005732107, 379.1234396277933, 298.6978911705119]], "frame_0138.png": [[455.3209988216688, 170.42153042545237, 601.5442180147547, 403.67134033717275]], "frame_0139.png": [[454.43183978174403, 169.3780639128336, 607.2800691745525, 398.5380743589763], [136.51491342255477, 74.37296863303246, 242.88733944905437, 230.4475220901749], [254.11208661210327, 111.46087275254158, 376.9713114051888, 295.6391070611477]], "frame_0140.png": [[248.63393388144775, 114.0631501637231, 379.83220636296505, 296.75856723553017], [447.27015770135245, 182.48471404771792, 608.8065356642823, 416.25125151330633], [137.54924179757958, 74.93970085927612, 243.8494662573411, 230.6942203192333]], "frame_0141.png": [[137.01680689264478, 77.4700946708076, 240.18904913286318, 228.0634589016911], [448.46076680396436, 152.52699161068807, 602.1641382194534, 416.4638349370932]], "frame_0142.png": [[256.2272855850192, 104.4918071415382, 376.00513745645105, 298.58814639210186], [439.97591140050787, 169.6451617914216, 604.6551181455079, 404.608991779003], [134.98033587341445, 72.17823822573789, 241.20049647258733, 227.44532411630624]], "frame_0143.png": [[137.3962269523354, 78.8029133438522, 239.4733371135803, 223.54588254487325], [447.88688993915633, 162.27048197589986, 611.4976605492317, 413.84477439184246], [264.635964225135, 108.08193577549798, 384.2125257679193, 301.9947362911043]], "frame_0144.png": [[440.4899836259483, 167.43013605053633, 607.8723666907599, 407.6367583271081], [134.93539388211758, 78.3659477759539, 242.24889104135184, 230.39249827255384], [255.54815913249172, 104.08250830712838, 377.0039146956122, 303.0637885084878]], "frame_0145.png": [[135.63291938850105, 74.52511502660643, 242.98395908758633, 233.29933940417644], [256.04058689656927, 116.44933825803868, 375.34210891860357, 295.75721651556006]], "frame_0146.png": [[139.16283228318858, 71.51235671925917, 233.07573061860336, 236.71676344414237], [263.1206259489446, 116.68245342556897, 382.97566846116115, 297.77044029920324], [444.4999691300734, 171.21662221277512, 605.3043067405192, 415.2726462869528]], "frame_0147.png": [[446.50468033426375, 161.46906889471597, 611.5789262784061, 416.7136617261348], [259.7958080115523, 111.71052137264748, 387.26818453860255, 297.62084819350804]], "frame_0148.png": [[135.77097371365375, 78.13568610611738, 238.2989879873498, 224.03406575202413], [444.4030573685839, 174.86789256225939, 615.0332474137, 418.9510211340642]], "frame_0149.png": [[257.5, 111.0, 382.5, 299.0], [450.5, 171.0, 607.5, 407.0], [137.5, 75.5, 240.5, 230.5]]}