{"frame_0000.png": [[120.0, 51.5, 222.0, 204.5], [459.5, 235.0, 598.5, 443.0], [258.5, 126.0, 375.5, 302.0]], "frame_0001.png": [[124.0, 49.0, 226.0, 203.0], [258.5, 126.0, 375.5, 302.0], [459.5, 234.0, 598.5, 442.0]], "frame_0002.png": [[169.0, 31.0, 275.0, 191.0], [258.5, 126.0, 375.5, 302.0], [392.0, 282.5, 522.0, 477.5]], "frame_0003.png": [[258.5, 125.0, 375.5, 301.0], [293.0, 312.5, 413.0, 493.5], [217.0, 21.0, 329.0, 189.0]], "frame_0004.png": [[265.0, 18.0, 383.0, 196.0], [185.0, 311.0, 297.0, 479.0], [257.5, 125.0, 374.5, 301.0]], "frame_0005.png": [[309.5, 24.5, 434.5, 211.5], [257.5, 125.0, 374.5, 301.0], [94.5, 282.0, 199.5, 440.0]], "frame_0006.png": [[257.5, 125.0, 374.5, 301.0], [39.0, 233.5, 139.0, 384.5], [348.0, 39.5, 478.0, 234.5]], "frame_0007.png": [[257.5, 125.5, 374.5, 300.5], [375.5, 64.0, 508.5, 264.0], [21.0, 179.5, 119.0, 326.5]], "frame_0008.png": [[35.5, 128.0, 132.5, 274.0], [388.0, 96.5, 522.0, 297.5], [257.5, 125.5, 374.5, 300.5]], "frame_0009.png": [[257.5, 125.5, 374.5, 300.5], [71.5, 85.0, 170.5, 233.0], [380.0, 134.0, 512.0, 332.0]], "frame_0010.png": [[123.0, 50.5, 225.0, 203.5], [257.5, 125.5, 374.5, 300.5], [350.5, 172.5, 477.5, 363.5]], "frame_0011.png": [[257.5, 125.5, 374.5, 300.5], [123.0, 50.5, 225.0, 203.5], [350.5, 172.5, 477.5, 363.5]], "frame_0012.png": [[366.5, 162.0, 495.5, 356.0], [257.5, 125.5, 374.5, 300.5], [85.5, 75.5, 184.5, 224.5]], "frame_0013.png": [[60.0, 106.0, 158.0, 254.0], [257.5, 125.0, 374.5, 301.0], [386.0, 157.0, 518.0, 355.0]], "frame_0014.png": [[407.5, 156.0, 542.5, 358.0], [50.5, 141.0, 149.5, 289.0], [257.5, 125.0, 374.5, 301.0]], "frame_0015.png": [[428.5, 160.0, 565.5, 366.0], [258.5, 125.0, 375.5, 301.0], [64.5, 175.5, 165.5, 326.5]], "frame_0016.png": [[447.5, 168.5, 586.5, 377.5], [102.0, 204.0, 206.0, 360.0], [258.5, 125.0, 375.5, 301.0]], "frame_0017.png": [[258.5, 125.0, 375.5, 301.0], [160.5, 221.0, 269.5, 385.0], [460.5, 181.5, 601.5, 392.5]], "frame_0018.png": [[258.5, 125.0, 375.5, 301.0], [230.5, 221.0, 345.5, 393.0], [468.5, 198.0, 609.5, 410.0]], "frame_0019.png": [[297.5, 203.0, 418.5, 385.0], [258.5, 125.0, 375.5, 301.0], [468.0, 215.0, 608.0, 425.0]], "frame_0020.png": [[258.5, 125.0, 375.5, 301.0], [349.5, 172.5, 476.5, 363.5], [459.0, 231.0, 597.0, 439.0]], "frame_0021.png": [[349.5, 172.5, 476.5, 363.5], [459.0, 231.0, 597.0, 439.0], [262.0, 122.5, 380.0, 299.5]], "frame_0022.png": [[459.0, 231.0, 597.0, 439.0], [333.5, 182.0, 458.5, 370.0], [270.5, 114.0, 389.5, 292.0]], "frame_0023.png": [[311.5, 188.0, 434.5, 372.0], [275.5, 102.5, 394.5, 281.5], [458.5, 231.0, 597.5, 439.0]], "frame_0024.png": [[274.5, 91.5, 393.5, 270.5], [290.0, 188.5, 410.0, 369.5], [458.5, 231.0, 597.5, 439.0]], "frame_0025.png": [[266.0, 82.5, 384.0, 259.5], [458.5, 231.0, 597.5, 439.0], [269.0, 183.0, 387.0, 361.0]], "frame_0026.png": [[253.5, 76.5, 370.5, 251.5], [253.5, 174.0, 370.5, 350.0], [459.5, 231.0, 598.5, 439.0]], "frame_0027.png": [[237.5, 73.0, 352.5, 245.0], [459.5, 230.5, 598.5, 439.5], [245.0, 162.0, 361.0, 336.0]], "frame_0028.png": [[219.5, 73.5, 332.5, 242.5], [459.5, 230.5, 598.5, 439.5], [243.0, 149.0, 359.0, 323.0]], "frame_0029.png": [[459.5, 230.5, 598.5, 439.5], [202.5, 77.5, 313.5, 244.5], [249.0, 135.5, 365.0, 310.5]], "frame_0030.png": [[459.5, 230.5, 598.5, 439.5], [261.0, 124.5, 379.0, 301.5], [186.5, 84.0, 295.5, 248.0]], "frame_0031.png": [[459.5, 230.5, 598.5, 439.5], [186.5, 84.0, 295.5, 248.0], [261.0, 124.5, 379.0, 301.5]], "frame_0032.png": [[261.0, 124.5, 379.0, 301.5], [459.5, 230.5, 598.5, 439.5], [169.5, 75.5, 276.5, 236.5]], "frame_0033.png": [[153.0, 66.5, 259.0, 225.5], [261.0, 124.5, 379.0, 301.5], [459.5, 230.5, 598.5, 439.5]], "frame_0034.png": [[261.0, 124.5, 379.0, 301.5], [459.5, 230.5, 598.5, 439.5], [138.0, 59.0, 242.0, 215.0]], "frame_0035.png": [[123.0, 50.5, 225.0, 203.5], [261.0, 124.5, 379.0, 301.5], [459.5, 230.5, 598.5, 439.5]], "frame_0036.png": [[261.0, 124.5, 379.0, 301.5], [459.5, 230.5, 598.5, 439.5], [123.0, 50.5, 225.0, 203.5]], "frame_0037.png": [[123.0, 50.5, 225.0, 203.5], [459.5, 230.5, 598.5, 439.5], [261.0, 124.5, 379.0, 301.5]], "frame_0038.png": [[261.0, 124.5, 379.0, 301.5], [459.5, 230.5, 598.5, 439.5], [123.0, 50.0, 225.0, 204.0]], "frame_0039.png": [[261.0, 124.5, 379.0, 301.5], [459.5, 230.5, 598.5, 439.5], [124.0, 50.0, 226.0, 204.0]], "frame_0040.png": [[261.0, 124.5, 379.0, 301.5], [459.5, 230.5, 598.5, 439.5], [124.0, 51.0, 226.0, 205.0]], "frame_0041.png": [[459.5, 230.5, 598.5, 439.5], [261.0, 124.5, 379.0, 301.5], [124.0, 51.0, 226.0, 205.0]], "frame_0042.png": [[458.5, 231.0, 597.5, 439.0], [261.0, 124.5, 379.0, 301.5], [124.0, 51.0, 226.0, 205.0]], "frame_0043.png": [[124.0, 51.0, 226.0, 205.0], [457.5, 231.0, 596.5, 439.0], [260.0, 124.5, 378.0, 301.5]], "frame_0044.png": [[260.0, 124.5, 378.0, 301.5], [457.5, 231.0, 596.5, 439.0], [124.0, 51.0, 226.0, 205.0]], "frame_0045.png": [[457.5, 231.0, 596.5, 439.0], [260.0, 124.5, 378.0, 301.5], [124.0, 51.0, 226.0, 205.0]], "frame_0046.png": [[260.0, 124.5, 378.0, 301.5], [124.0, 51.0, 226.0, 205.0], [457.5, 231.0, 596.5, 439.0]], "frame_0047.png": [[457.5, 231.0, 596.5, 439.0], [124.0, 51.0, 226.0, 205.0], [260.0, 124.5, 378.0, 301.5]], "frame_0048.png": [[124.0, 51.0, 226.0, 205.0], [457.5, 231.0, 596.5, 439.0], [260.0, 124.5, 378.0, 301.5]], "frame_0049.png": [[124.0, 51.0, 226.0, 205.0], [457.5, 231.0, 596.5, 439.0], [260.0, 124.5, 378.0, 301.5]]}