{"frame_0000.png": [[258.0, 122.5, 376.0, 299.5], [462.0, 221.0, 604.0, 435.0], [123.5, 57.5, 224.5, 208.5]], "frame_0001.png": [[258.0, 122.5, 376.0, 299.5], [462.0, 221.0, 604.0, 435.0], [127.5, 56.0, 228.5, 208.0]], "frame_0002.png": [[142.5, 50.0, 245.5, 204.0], [258.0, 121.5, 376.0, 298.5], [395.0, 269.0, 527.0, 467.0]], "frame_0003.png": [[258.0, 121.5, 376.0, 298.5], [293.5, 300.0, 414.5, 482.0], [159.5, 46.5, 264.5, 203.5]], "frame_0004.png": [[182.0, 300.0, 294.0, 468.0], [257.5, 122.0, 374.5, 298.0], [175.5, 46.0, 282.5, 206.0]], "frame_0005.png": [[257.5, 122.0, 374.5, 298.0], [190.0, 47.5, 298.0, 210.5], [91.0, 272.0, 195.0, 428.0]], "frame_0006.png": [[257.5, 122.0, 374.5, 298.0], [36.5, 225.5, 135.5, 374.5], [200.0, 52.5, 310.0, 217.5]], "frame_0007.png": [[206.5, 60.0, 317.5, 226.0], [257.5, 122.0, 374.5, 298.0], [22.0, 175.0, 118.0, 319.0]], "frame_0008.png": [[205.5, 68.5, 316.5, 235.5], [257.5, 122.0, 374.5, 298.0], [38.5, 127.5, 133.5, 270.5]], "frame_0009.png": [[200.0, 77.0, 310.0, 243.0], [75.5, 88.0, 172.5, 234.0], [257.5, 122.0, 374.5, 298.0]], "frame_0010.png": [[257.5, 122.0, 374.5, 298.0], [187.5, 86.0, 296.5, 250.0], [126.5, 57.0, 227.5, 209.0]], "frame_0011.png": [[187.5, 86.0, 296.5, 250.0], [257.5, 122.0, 374.5, 298.0], [126.5, 57.0, 227.5, 209.0]], "frame_0012.png": [[257.5, 122.0, 374.5, 298.0], [171.5, 92.5, 278.5, 253.5], [184.5, 34.5, 291.5, 195.5]], "frame_0013.png": [[153.5, 97.0, 258.5, 255.0], [257.5, 122.0, 374.5, 298.0], [245.0, 21.0, 361.0, 195.0]], "frame_0014.png": [[258.5, 122.0, 375.5, 298.0], [135.5, 97.5, 238.5, 252.5], [306.0, 16.5, 432.0, 205.5]], "frame_0015.png": [[363.5, 20.0, 500.5, 226.0], [258.0, 121.5, 376.0, 298.5], [120.0, 94.5, 222.0, 247.5]], "frame_0016.png": [[110.0, 88.5, 210.0, 239.5], [415.5, 35.0, 562.5, 255.0], [258.0, 121.5, 376.0, 298.5]], "frame_0017.png": [[105.0, 81.0, 205.0, 231.0], [258.0, 121.5, 376.0, 298.5], [459.0, 62.5, 613.0, 293.5]], "frame_0018.png": [[107.0, 72.0, 207.0, 222.0], [258.0, 121.5, 376.0, 298.5], [487.5, 104.5, 642.5, 337.5]], "frame_0019.png": [[491.5, 159.0, 642.5, 385.0], [115.0, 64.0, 215.0, 214.0], [259.0, 122.5, 377.0, 299.5]], "frame_0020.png": [[259.0, 122.5, 377.0, 299.5], [460.0, 217.5, 602.0, 430.5], [126.5, 57.0, 227.5, 209.0]], "frame_0021.png": [[263.0, 120.0, 381.0, 298.0], [126.5, 57.0, 227.5, 209.0], [460.0, 217.5, 602.0, 430.5]], "frame_0022.png": [[279.0, 111.5, 399.0, 292.5], [115.0, 64.0, 215.0, 214.0], [460.0, 217.5, 602.0, 430.5]], "frame_0023.png": [[460.0, 217.0, 602.0, 431.0], [107.0, 72.0, 207.0, 222.0], [297.5, 107.5, 420.5, 292.5]], "frame_0024.png": [[105.0, 81.0, 205.0, 231.0], [316.0, 106.5, 442.0, 295.5], [460.0, 217.0, 602.0, 431.0]], "frame_0025.png": [[460.0, 217.0, 602.0, 431.0], [110.0, 88.5, 210.0, 239.5], [334.0, 110.0, 462.0, 302.0]], "frame_0026.png": [[460.0, 217.0, 602.0, 431.0], [349.0, 116.0, 479.0, 312.0], [120.0, 94.5, 222.0, 247.5]], "frame_0027.png": [[135.5, 97.5, 238.5, 252.5], [359.5, 126.5, 490.5, 323.5], [460.0, 217.0, 602.0, 431.0]], "frame_0028.png": [[363.0, 138.0, 495.0, 336.0], [153.5, 97.0, 258.5, 255.0], [459.0, 217.0, 601.0, 431.0]], "frame_0029.png": [[171.5, 92.5, 278.5, 253.5], [459.0, 217.0, 601.0, 431.0], [359.5, 152.0, 490.5, 348.0]], "frame_0030.png": [[460.0, 217.0, 602.0, 431.0], [187.5, 86.0, 296.5, 250.0], [349.5, 164.0, 478.5, 358.0]], "frame_0031.png": [[187.5, 86.0, 296.5, 250.0], [460.0, 217.0, 602.0, 431.0], [349.5, 164.0, 478.5, 358.0]], "frame_0032.png": [[171.5, 78.5, 278.5, 239.5], [325.0, 152.5, 451.0, 341.5], [460.0, 217.0, 602.0, 431.0]], "frame_0033.png": [[302.5, 141.5, 425.5, 326.5], [155.5, 71.0, 260.5, 229.0], [460.0, 217.0, 602.0, 431.0]], "frame_0034.png": [[141.5, 63.5, 244.5, 218.5], [280.5, 130.5, 401.5, 311.5], [460.0, 217.0, 602.0, 431.0]], "frame_0035.png": [[460.0, 217.0, 602.0, 431.0], [261.0, 121.5, 379.0, 298.5], [126.5, 57.0, 227.5, 209.0]], "frame_0036.png": [[261.0, 121.5, 379.0, 298.5], [126.5, 57.0, 227.5, 209.0], [460.0, 217.0, 602.0, 431.0]], "frame_0037.png": [[127.5, 57.0, 228.5, 209.0], [261.0, 121.0, 379.0, 299.0], [460.0, 217.0, 602.0, 431.0]], "frame_0038.png": [[460.0, 217.0, 602.0, 431.0], [127.5, 57.0, 228.5, 209.0], [261.0, 121.0, 379.0, 299.0]], "frame_0039.png": [[261.0, 121.0, 379.0, 299.0], [127.5, 57.0, 228.5, 209.0], [460.0, 217.0, 602.0, 431.0]], "frame_0040.png": [[261.0, 121.0, 379.0, 299.0], [460.0, 217.0, 602.0, 431.0], [127.5, 57.0, 228.5, 209.0]], "frame_0041.png": [[261.0, 121.0, 379.0, 299.0], [127.5, 58.0, 228.5, 210.0], [460.0, 217.0, 602.0, 431.0]], "frame_0042.png": [[127.5, 58.0, 228.5, 210.0], [460.0, 217.0, 602.0, 431.0], [261.0, 121.0, 379.0, 299.0]], "frame_0043.png": [[261.0, 121.0, 379.0, 299.0], [460.0, 218.0, 602.0, 432.0], [127.5, 57.0, 228.5, 209.0]], "frame_0044.png": [[261.0, 121.0, 379.0, 299.0], [460.0, 218.0, 602.0, 432.0], [127.5, 57.0, 228.5, 209.0]], "frame_0045.png": [[460.0, 218.0, 602.0, 432.0], [127.5, 57.0, 228.5, 209.0], [261.0, 121.0, 379.0, 299.0]], "frame_0046.png": [[460.0, 218.0, 602.0, 432.0], [127.5, 57.0, 228.5, 209.0], [261.0, 121.0, 379.0, 299.0]], "frame_0047.png": [[127.5, 57.0, 228.5, 209.0], [261.0, 121.0, 379.0, 299.0], [460.0, 218.0, 602.0, 432.0]], "frame_0048.png": [[460.0, 218.0, 602.0, 432.0], [127.5, 57.0, 228.5, 209.0], [261.0, 121.0, 379.0, 299.0]], "frame_0049.png": [[460.0, 218.0, 602.0, 432.0], [261.0, 121.0, 379.0, 299.0], [127.5, 57.0, 228.5, 209.0]]}