{"frame_0000.png": [[137.5, 70.5, 252.5, 243.5], [421.0, 164.0, 589.0, 416.0], [249.0, 106.5, 385.0, 311.5]], "frame_0001.png": [[137.5, 69.5, 252.5, 242.5], [249.0, 107.0, 385.0, 311.0], [421.0, 164.0, 589.0, 416.0]], "frame_0002.png": [[137.5, 69.5, 252.5, 242.5], [249.0, 107.0, 385.0, 311.0], [421.0, 164.0, 589.0, 416.0]], "frame_0003.png": [[421.0, 164.0, 589.0, 416.0], [249.0, 106.0, 385.0, 310.0], [137.5, 69.5, 252.5, 242.5]], "frame_0004.png": [[249.0, 106.0, 385.0, 310.0], [137.5, 69.5, 252.5, 242.5], [421.0, 164.0, 589.0, 416.0]], "frame_0005.png": [[421.0, 164.0, 589.0, 416.0], [249.0, 106.0, 385.0, 310.0], [137.5, 69.5, 252.5, 242.5]], "frame_0006.png": [[425.0, 161.5, 593.0, 414.5], [249.0, 106.0, 385.0, 310.0], [137.5, 69.5, 252.5, 242.5]], "frame_0007.png": [[425.5, 160.5, 594.5, 413.5], [249.0, 106.0, 385.0, 310.0], [133.0, 72.0, 247.0, 244.0]], "frame_0008.png": [[129.0, 74.5, 243.0, 245.5], [249.0, 106.0, 385.0, 310.0], [428.0, 155.5, 598.0, 410.5]], "frame_0009.png": [[249.0, 106.0, 385.0, 310.0], [126.0, 75.5, 240.0, 246.5], [429.5, 151.0, 600.5, 407.0]], "frame_0010.png": [[430.5, 145.5, 601.5, 402.5], [123.5, 79.0, 236.5, 249.0], [249.0, 106.0, 385.0, 310.0]], "frame_0011.png": [[429.0, 141.0, 601.0, 399.0], [121.5, 81.0, 234.5, 251.0], [249.0, 106.0, 385.0, 310.0]], "frame_0012.png": [[428.0, 137.0, 600.0, 395.0], [249.0, 106.0, 385.0, 310.0], [119.5, 83.0, 232.5, 253.0]], "frame_0013.png": [[249.0, 106.0, 385.0, 310.0], [119.5, 85.0, 232.5, 255.0], [425.0, 133.0, 597.0, 391.0]], "frame_0014.png": [[119.5, 87.0, 232.5, 257.0], [422.5, 129.5, 593.5, 386.5], [249.0, 106.0, 385.0, 310.0]], "frame_0015.png": [[249.0, 106.0, 385.0, 310.0], [120.0, 89.5, 234.0, 260.5], [417.5, 125.5, 588.5, 382.5]], "frame_0016.png": [[249.0, 106.0, 385.0, 310.0], [121.0, 91.5, 235.0, 262.5], [413.0, 122.5, 583.0, 377.5]], "frame_0017.png": [[249.0, 106.0, 385.0, 310.0], [407.5, 120.0, 576.5, 374.0], [123.5, 93.0, 238.5, 265.0]], "frame_0018.png": [[250.0, 106.0, 386.0, 310.0], [402.0, 118.0, 570.0, 370.0], [126.5, 93.5, 241.5, 266.5]], "frame_0019.png": [[395.5, 117.0, 562.5, 367.0], [250.0, 106.5, 386.0, 311.5], [131.0, 95.0, 247.0, 269.0]], "frame_0020.png": [[250.0, 106.5, 386.0, 311.5], [388.5, 116.0, 553.5, 364.0], [134.5, 95.5, 251.5, 270.5]], "frame_0021.png": [[382.0, 115.0, 546.0, 361.0], [140.5, 96.0, 257.5, 272.0], [250.0, 106.5, 386.0, 311.5]], "frame_0022.png": [[375.0, 115.5, 537.0, 358.5], [145.0, 96.0, 263.0, 274.0], [250.0, 106.5, 386.0, 311.5]], "frame_0023.png": [[151.5, 96.5, 270.5, 275.5], [369.0, 115.5, 529.0, 356.5], [250.5, 106.5, 387.5, 311.5]], "frame_0024.png": [[361.5, 117.0, 520.5, 355.0], [157.0, 96.0, 277.0, 276.0], [250.5, 106.5, 387.5, 311.5]], "frame_0025.png": [[354.5, 118.0, 511.5, 354.0], [163.5, 95.0, 284.5, 277.0], [250.5, 106.5, 387.5, 311.5]], "frame_0026.png": [[169.0, 93.5, 291.0, 276.5], [250.5, 106.5, 387.5, 311.5], [348.0, 120.0, 504.0, 354.0]], "frame_0027.png": [[174.5, 92.0, 297.5, 276.0], [342.0, 122.0, 496.0, 354.0], [250.5, 106.5, 387.5, 311.5]], "frame_0028.png": [[180.0, 90.0, 304.0, 276.0], [336.5, 124.0, 489.5, 354.0], [250.5, 106.5, 387.5, 311.5]], "frame_0029.png": [[331.0, 127.0, 483.0, 355.0], [250.5, 106.5, 387.5, 311.5], [186.0, 88.5, 310.0, 275.5]], "frame_0030.png": [[325.5, 131.0, 476.5, 357.0], [190.5, 86.0, 315.5, 274.0], [250.5, 106.5, 387.5, 311.5]], "frame_0031.png": [[190.5, 86.0, 315.5, 274.0], [250.5, 106.5, 387.5, 311.5], [325.5, 131.0, 476.5, 357.0]], "frame_0032.png": [[325.5, 131.0, 476.5, 357.0], [250.5, 106.5, 387.5, 311.5], [190.5, 86.0, 315.5, 274.0]], "frame_0033.png": [[325.5, 131.0, 476.5, 357.0], [250.5, 106.5, 387.5, 311.5], [190.5, 86.0, 315.5, 274.0]], "frame_0034.png": [[190.5, 86.0, 315.5, 274.0], [250.5, 106.5, 387.5, 311.5], [326.5, 131.0, 477.5, 357.0]], "frame_0035.png": [[250.5, 106.5, 387.5, 311.5], [326.5, 131.0, 477.5, 357.0], [190.5, 86.0, 315.5, 274.0]], "frame_0036.png": [[250.5, 106.5, 387.5, 311.5], [190.5, 86.0, 315.5, 274.0], [325.5, 131.0, 476.5, 357.0]], "frame_0037.png": [[250.5, 106.5, 387.5, 311.5], [194.0, 83.5, 320.0, 272.5], [322.0, 133.5, 472.0, 358.5]], "frame_0038.png": [[250.5, 106.5, 387.5, 311.5], [318.5, 138.0, 467.5, 362.0], [198.0, 81.0, 324.0, 271.0]], "frame_0039.png": [[250.5, 106.5, 387.5, 311.5], [317.0, 141.5, 465.0, 364.5], [200.5, 79.0, 327.5, 269.0]], "frame_0040.png": [[315.0, 146.0, 463.0, 368.0], [203.5, 76.5, 330.5, 267.5], [250.5, 106.5, 387.5, 311.5]], "frame_0041.png": [[250.5, 106.5, 387.5, 311.5], [314.0, 150.0, 462.0, 372.0], [204.5, 74.5, 331.5, 265.5]], "frame_0042.png": [[205.5, 72.5, 332.5, 263.5], [314.0, 154.0, 462.0, 376.0], [250.5, 106.5, 387.5, 311.5]], "frame_0043.png": [[316.0, 158.0, 464.0, 380.0], [250.5, 106.5, 387.5, 311.5], [205.5, 70.5, 332.5, 261.5]], "frame_0044.png": [[318.0, 162.0, 466.0, 384.0], [250.5, 106.5, 387.5, 311.5], [204.5, 68.5, 331.5, 259.5]], "frame_0045.png": [[321.0, 165.5, 469.0, 388.5], [250.5, 106.5, 387.5, 311.5], [203.5, 66.5, 330.5, 257.5]], "frame_0046.png": [[202.0, 65.0, 328.0, 255.0], [250.5, 106.5, 387.5, 311.5], [325.5, 169.0, 474.5, 393.0]], "frame_0047.png": [[199.0, 63.5, 325.0, 252.5], [330.0, 172.5, 480.0, 397.5], [250.5, 106.5, 387.5, 311.5]], "frame_0048.png": [[250.5, 106.5, 387.5, 311.5], [336.5, 175.0, 487.5, 401.0], [196.5, 63.0, 321.5, 251.0]], "frame_0049.png": [[193.0, 61.5, 317.0, 248.5], [250.5, 106.5, 387.5, 311.5], [343.0, 177.0, 495.0, 405.0]], "frame_0050.png": [[188.0, 61.0, 312.0, 247.0], [250.5, 106.5, 387.5, 311.5], [350.5, 179.0, 503.5, 409.0]], "frame_0051.png": [[358.0, 180.0, 512.0, 412.0], [184.5, 60.5, 307.5, 245.5], [250.5, 106.5, 387.5, 311.5]], "frame_0052.png": [[366.0, 181.0, 522.0, 415.0], [250.5, 106.5, 387.5, 311.5], [180.0, 61.5, 302.0, 244.5]], "frame_0053.png": [[374.5, 180.0, 531.5, 416.0], [250.5, 106.5, 387.5, 311.5], [174.5, 61.0, 295.5, 243.0]], "frame_0054.png": [[250.5, 106.5, 387.5, 311.5], [382.5, 180.0, 541.5, 418.0], [170.0, 62.0, 290.0, 242.0]], "frame_0055.png": [[250.5, 106.5, 387.5, 311.5], [390.0, 178.5, 550.0, 419.5], [164.5, 63.5, 283.5, 242.5]], "frame_0056.png": [[250.5, 106.5, 387.5, 311.5], [398.0, 176.5, 560.0, 419.5], [160.0, 64.0, 278.0, 242.0]], "frame_0057.png": [[250.5, 106.5, 387.5, 311.5], [404.5, 173.5, 567.5, 418.5], [154.0, 65.5, 272.0, 242.5]], "frame_0058.png": [[250.5, 106.5, 387.5, 311.5], [149.5, 66.5, 266.5, 241.5], [410.5, 170.0, 575.5, 418.0]], "frame_0059.png": [[250.5, 106.5, 387.5, 311.5], [416.0, 166.0, 582.0, 416.0], [145.0, 69.0, 261.0, 243.0]], "frame_0060.png": [[140.5, 70.5, 255.5, 243.5], [420.0, 162.0, 588.0, 414.0], [250.5, 106.5, 387.5, 311.5]], "frame_0061.png": [[250.5, 106.5, 387.5, 311.5], [420.0, 162.0, 588.0, 414.0], [140.5, 70.5, 255.5, 243.5]], "frame_0062.png": [[420.0, 162.0, 588.0, 414.0], [140.5, 70.5, 255.5, 243.5], [250.5, 106.5, 387.5, 311.5]], "frame_0063.png": [[140.5, 70.5, 255.5, 243.5], [250.5, 106.5, 387.5, 311.5], [420.0, 162.0, 588.0, 414.0]], "frame_0064.png": [[140.5, 70.5, 255.5, 243.5], [420.0, 162.0, 588.0, 414.0], [250.5, 106.5, 387.5, 311.5]], "frame_0065.png": [[250.5, 106.5, 387.5, 311.5], [420.0, 162.0, 588.0, 414.0], [140.5, 70.5, 255.5, 243.5]], "frame_0066.png": [[420.0, 162.0, 588.0, 414.0], [140.5, 70.5, 255.5, 243.5], [250.5, 106.5, 387.5, 311.5]], "frame_0067.png": [[242.5, 112.5, 377.5, 315.5], [427.0, 154.5, 597.0, 409.5], [140.5, 70.5, 255.5, 243.5]], "frame_0068.png": [[431.0, 145.0, 603.0, 403.0], [140.5, 70.5, 255.5, 243.5], [235.0, 118.5, 369.0, 319.5]], "frame_0069.png": [[433.0, 136.5, 607.0, 397.5], [229.5, 124.0, 362.5, 324.0], [140.5, 70.5, 255.5, 243.5]], "frame_0070.png": [[225.0, 131.5, 357.0, 330.5], [433.5, 127.5, 608.5, 390.5], [140.5, 70.5, 255.5, 243.5]], "frame_0071.png": [[432.0, 120.0, 608.0, 384.0], [140.5, 70.5, 255.5, 243.5], [221.0, 138.0, 353.0, 336.0]], "frame_0072.png": [[220.0, 145.0, 352.0, 343.0], [429.0, 112.0, 605.0, 376.0], [140.5, 70.5, 255.5, 243.5]], "frame_0073.png": [[220.0, 153.0, 352.0, 351.0], [140.5, 70.5, 255.5, 243.5], [424.0, 105.0, 600.0, 369.0]], "frame_0074.png": [[222.0, 159.5, 354.0, 358.5], [417.5, 99.5, 592.5, 362.5], [140.5, 70.5, 255.5, 243.5]], "frame_0075.png": [[410.0, 93.5, 584.0, 354.5], [226.5, 167.0, 359.5, 367.0], [140.5, 70.5, 255.5, 243.5]], "frame_0076.png": [[232.0, 174.5, 366.0, 375.5], [402.0, 90.0, 574.0, 348.0], [140.5, 70.5, 255.5, 243.5]], "frame_0077.png": [[392.0, 86.5, 562.0, 341.5], [140.5, 70.5, 255.5, 243.5], [240.5, 180.5, 375.5, 383.5]], "frame_0078.png": [[140.5, 70.5, 255.5, 243.5], [251.5, 186.0, 388.5, 392.0], [382.0, 83.0, 550.0, 335.0]], "frame_0079.png": [[263.5, 191.0, 402.5, 399.0], [371.5, 81.0, 536.5, 329.0], [140.5, 70.5, 255.5, 243.5]], "frame_0080.png": [[140.5, 70.5, 255.5, 243.5], [276.5, 194.5, 417.5, 405.5], [361.0, 80.0, 523.0, 324.0]], "frame_0081.png": [[292.5, 197.5, 435.5, 412.5], [140.5, 70.5, 255.5, 243.5], [349.0, 80.0, 509.0, 320.0]], "frame_0082.png": [[337.5, 80.5, 494.5, 315.5], [308.5, 199.0, 453.5, 417.0], [140.5, 70.5, 255.5, 243.5]], "frame_0083.png": [[325.0, 199.0, 473.0, 421.0], [326.0, 81.5, 480.0, 312.5], [140.5, 70.5, 255.5, 243.5]], "frame_0084.png": [[341.5, 197.0, 492.5, 423.0], [140.5, 70.5, 255.5, 243.5], [314.5, 84.0, 465.5, 310.0]], "frame_0085.png": [[140.5, 70.5, 255.5, 243.5], [358.0, 194.5, 512.0, 425.5], [303.0, 86.0, 451.0, 308.0]], "frame_0086.png": [[140.5, 70.5, 255.5, 243.5], [373.5, 190.5, 530.5, 425.5], [291.5, 89.0, 436.5, 307.0]], "frame_0087.png": [[388.0, 185.0, 548.0, 425.0], [140.5, 70.5, 255.5, 243.5], [280.5, 92.5, 423.5, 307.5]], "frame_0088.png": [[269.5, 96.5, 410.5, 307.5], [401.0, 178.0, 563.0, 422.0], [140.5, 70.5, 255.5, 243.5]], "frame_0089.png": [[411.5, 171.0, 576.5, 419.0], [260.5, 102.0, 399.5, 310.0], [140.5, 70.5, 255.5, 243.5]], "frame_0090.png": [[140.5, 70.5, 255.5, 243.5], [250.5, 106.0, 387.5, 312.0], [420.0, 163.0, 588.0, 415.0]], "frame_0091.png": [[140.5, 70.5, 255.5, 243.5], [420.0, 163.0, 588.0, 415.0], [250.5, 106.0, 387.5, 312.0]], "frame_0092.png": [[140.5, 70.5, 255.5, 243.5], [420.0, 163.0, 588.0, 415.0], [250.5, 106.0, 387.5, 312.0]], "frame_0093.png": [[140.5, 70.5, 255.5, 243.5], [420.0, 162.0, 588.0, 414.0], [250.5, 106.0, 387.5, 312.0]], "frame_0094.png": [[250.5, 106.0, 387.5, 312.0], [420.0, 162.0, 588.0, 414.0], [140.5, 70.5, 255.5, 243.5]], "frame_0095.png": [[420.0, 162.0, 588.0, 414.0], [250.5, 106.0, 387.5, 312.0], [140.5, 70.5, 255.5, 243.5]], "frame_0096.png": [[250.5, 106.5, 387.5, 311.5], [140.5, 70.5, 255.5, 243.5], [420.0, 162.0, 588.0, 414.0]], "frame_0097.png": [[420.0, 162.0, 588.0, 414.0], [250.5, 106.5, 387.5, 311.5], [140.5, 70.5, 255.5, 243.5]], "frame_0098.png": [[140.5, 70.5, 255.5, 243.5], [420.0, 162.0, 588.0, 414.0], [251.5, 106.5, 388.5, 311.5]], "frame_0099.png": [[140.5, 70.5, 255.5, 243.5], [420.0, 162.0, 588.0, 414.0], [251.5, 106.5, 388.5, 311.5]], "frame_0100.png": [[250.5, 106.5, 387.5, 311.5], [140.5, 70.5, 255.5, 243.5], [420.0, 162.0, 588.0, 414.0]], "frame_0101.png": [[140.5, 70.5, 255.5, 243.5], [420.0, 162.0, 588.0, 414.0], [250.5, 106.5, 387.5, 311.5]], "frame_0102.png": [[250.5, 106.5, 387.5, 311.5], [420.0, 162.0, 588.0, 414.0], [140.5, 70.5, 255.5, 243.5]], "frame_0103.png": [[140.5, 70.5, 255.5, 243.5], [420.0, 162.0, 588.0, 414.0], [250.5, 106.5, 387.5, 311.5]], "frame_0104.png": [[420.0, 162.0, 588.0, 414.0], [140.5, 70.5, 255.5, 243.5], [250.5, 106.5, 387.5, 311.5]], "frame_0105.png": [[250.5, 106.5, 387.5, 311.5], [140.5, 70.5, 255.5, 243.5], [420.0, 162.0, 588.0, 414.0]], "frame_0106.png": [[250.5, 106.5, 387.5, 311.5], [420.0, 162.0, 588.0, 414.0], [140.5, 70.5, 255.5, 243.5]], "frame_0107.png": [[420.0, 162.0, 588.0, 414.0], [140.5, 70.5, 255.5, 243.5], [250.5, 106.5, 387.5, 311.5]], "frame_0108.png": [[250.5, 106.5, 387.5, 311.5], [140.5, 70.5, 255.5, 243.5], [420.0, 162.0, 588.0, 414.0]], "frame_0109.png": [[250.5, 106.5, 387.5, 311.5], [420.0, 162.0, 588.0, 414.0], [140.5, 70.5, 255.5, 243.5]], "frame_0110.png": [[250.5, 106.5, 387.5, 311.5], [420.0, 162.0, 588.0, 414.0], [140.5, 70.5, 255.5, 243.5]], "frame_0111.png": [[140.5, 70.5, 255.5, 243.5], [420.0, 162.0, 588.0, 414.0], [250.5, 106.5, 387.5, 311.5]], "frame_0112.png": [[140.5, 70.5, 255.5, 243.5], [420.0, 162.0, 588.0, 414.0], [250.5, 106.5, 387.5, 311.5]], "frame_0113.png": [[420.0, 162.0, 588.0, 414.0], [250.5, 106.5, 387.5, 311.5], [140.5, 70.5, 255.5, 243.5]], "frame_0114.png": [[140.5, 70.5, 255.5, 243.5], [250.5, 106.5, 387.5, 311.5], [420.0, 162.0, 588.0, 414.0]], "frame_0115.png": [[250.5, 106.5, 387.5, 311.5], [140.5, 70.5, 255.5, 243.5], [420.0, 162.0, 588.0, 414.0]], "frame_0116.png": [[250.5, 106.5, 387.5, 311.5], [420.0, 162.0, 588.0, 414.0], [140.5, 70.5, 255.5, 243.5]], "frame_0117.png": [[140.5, 70.5, 255.5, 243.5], [250.5, 106.5, 387.5, 311.5], [420.0, 162.0, 588.0, 414.0]], "frame_0118.png": [[140.5, 70.5, 255.5, 243.5], [420.0, 162.0, 588.0, 414.0], [250.5, 106.5, 387.5, 311.5]], "frame_0119.png": [[140.5, 70.5, 255.5, 243.5], [420.0, 162.0, 588.0, 414.0], [251.5, 106.5, 388.5, 311.5]]}