{"frame_0000.png": [[138.0, 61.0, 266.0, 253.0], [397.0, 163.0, 573.0, 427.0], [243.0, 103.0, 391.0, 325.0]], "frame_0001.png": [[243.0, 103.0, 391.0, 325.0], [137.5, 61.5, 264.5, 252.5], [397.0, 163.0, 573.0, 427.0]], "frame_0002.png": [[244.0, 102.0, 392.0, 324.0], [137.5, 61.5, 264.5, 252.5], [397.0, 163.0, 573.0, 427.0]], "frame_0003.png": [[244.0, 102.0, 392.0, 324.0], [397.0, 163.0, 573.0, 427.0], [137.5, 61.5, 264.5, 252.5]], "frame_0004.png": [[397.0, 163.0, 573.0, 427.0], [137.5, 61.5, 264.5, 252.5], [244.0, 102.0, 392.0, 324.0]], "frame_0005.png": [[397.0, 163.0, 573.0, 427.0], [244.0, 102.0, 392.0, 324.0], [137.5, 61.5, 264.5, 252.5]], "frame_0006.png": [[248.0, 99.5, 396.0, 322.5], [397.0, 163.0, 573.0, 427.0], [137.5, 61.5, 264.5, 252.5]], "frame_0007.png": [[137.5, 60.5, 264.5, 251.5], [387.5, 172.0, 560.5, 432.0], [256.0, 95.5, 406.0, 320.5]], "frame_0008.png": [[372.0, 182.5, 542.0, 437.5], [137.5, 60.5, 264.5, 251.5], [265.0, 90.0, 417.0, 318.0]], "frame_0009.png": [[275.0, 86.5, 429.0, 317.5], [137.5, 60.5, 264.5, 251.5], [354.0, 191.5, 520.0, 440.5]], "frame_0010.png": [[285.0, 82.5, 441.0, 317.5], [334.0, 199.5, 496.0, 442.5], [137.5, 60.5, 264.5, 251.5]], "frame_0011.png": [[295.5, 80.0, 454.5, 318.0], [137.5, 60.5, 264.5, 251.5], [313.0, 205.0, 471.0, 443.0]], "frame_0012.png": [[289.5, 210.0, 444.5, 442.0], [306.5, 78.0, 467.5, 320.0], [137.5, 60.5, 264.5, 251.5]], "frame_0013.png": [[317.0, 76.0, 481.0, 322.0], [137.5, 60.5, 264.5, 251.5], [267.5, 211.5, 418.5, 438.5]], "frame_0014.png": [[137.5, 61.5, 264.5, 252.5], [244.0, 211.0, 392.0, 433.0], [329.0, 75.0, 495.0, 325.0]], "frame_0015.png": [[222.5, 208.0, 367.5, 426.0], [137.5, 61.5, 264.5, 252.5], [339.5, 75.0, 508.5, 329.0]], "frame_0016.png": [[349.5, 76.5, 520.5, 333.5], [203.0, 204.5, 345.0, 417.5], [137.5, 61.5, 264.5, 252.5]], "frame_0017.png": [[185.0, 198.0, 325.0, 408.0], [360.0, 77.5, 534.0, 338.5], [138.5, 61.5, 265.5, 252.5]], "frame_0018.png": [[138.0, 61.0, 266.0, 253.0], [170.0, 190.5, 308.0, 397.5], [369.0, 80.0, 545.0, 344.0]], "frame_0019.png": [[378.0, 83.5, 556.0, 350.5], [158.0, 182.0, 294.0, 386.0], [138.0, 61.0, 266.0, 253.0]], "frame_0020.png": [[149.0, 172.5, 283.0, 373.5], [138.0, 61.0, 266.0, 253.0], [386.0, 87.0, 566.0, 357.0]], "frame_0021.png": [[142.5, 162.0, 275.5, 362.0], [139.0, 62.0, 267.0, 254.0], [393.5, 92.0, 574.5, 364.0]], "frame_0022.png": [[139.0, 62.0, 267.0, 254.0], [139.0, 153.0, 271.0, 351.0], [400.0, 98.0, 582.0, 372.0]], "frame_0023.png": [[139.0, 62.0, 267.0, 254.0], [404.5, 103.5, 587.5, 378.5], [137.0, 142.0, 269.0, 340.0]], "frame_0024.png": [[139.5, 132.5, 270.5, 329.5], [408.5, 111.5, 591.5, 386.5], [139.0, 62.0, 267.0, 254.0]], "frame_0025.png": [[139.0, 62.0, 267.0, 254.0], [410.5, 119.0, 593.5, 393.0], [143.0, 122.0, 275.0, 320.0]], "frame_0026.png": [[149.0, 113.0, 281.0, 311.0], [139.0, 62.0, 267.0, 254.0], [412.0, 127.5, 594.0, 400.5]], "frame_0027.png": [[156.5, 103.5, 289.5, 302.5], [139.0, 62.0, 267.0, 254.0], [410.5, 135.0, 591.5, 407.0]], "frame_0028.png": [[408.0, 144.0, 588.0, 414.0], [139.0, 62.0, 267.0, 254.0], [166.0, 94.5, 300.0, 295.5]], "frame_0029.png": [[403.0, 152.5, 581.0, 419.5], [139.0, 62.0, 267.0, 254.0], [177.5, 87.5, 312.5, 290.5]], "frame_0030.png": [[396.0, 160.0, 572.0, 424.0], [139.0, 62.0, 267.0, 254.0], [188.5, 80.0, 325.5, 286.0]], "frame_0031.png": [[188.5, 80.0, 325.5, 286.0], [396.0, 160.0, 572.0, 424.0], [139.0, 62.0, 267.0, 254.0]], "frame_0032.png": [[188.5, 80.0, 325.5, 286.0], [396.0, 160.0, 572.0, 424.0], [139.0, 62.0, 267.0, 254.0]], "frame_0033.png": [[139.0, 62.0, 267.0, 254.0], [396.0, 160.0, 572.0, 424.0], [188.5, 80.0, 325.5, 286.0]], "frame_0034.png": [[396.0, 160.0, 572.0, 424.0], [139.0, 62.0, 267.0, 254.0], [188.5, 80.0, 325.5, 286.0]], "frame_0035.png": [[188.5, 80.0, 325.5, 286.0], [139.0, 62.0, 267.0, 254.0], [396.0, 160.0, 572.0, 424.0]], "frame_0036.png": [[188.5, 80.0, 325.5, 286.0], [139.0, 62.0, 267.0, 254.0], [396.0, 160.0, 572.0, 424.0]], "frame_0037.png": [[384.0, 171.5, 556.0, 430.5], [139.0, 62.0, 267.0, 254.0], [196.5, 75.0, 335.5, 283.0]], "frame_0038.png": [[206.0, 71.5, 346.0, 282.5], [139.0, 62.0, 267.0, 254.0], [368.5, 182.5, 537.5, 435.5]], "frame_0039.png": [[350.5, 192.0, 515.5, 440.0], [216.0, 68.5, 358.0, 281.5], [139.0, 62.0, 267.0, 254.0]], "frame_0040.png": [[139.0, 62.0, 267.0, 254.0], [225.0, 65.0, 369.0, 281.0], [330.5, 200.0, 491.5, 442.0]], "frame_0041.png": [[235.0, 62.5, 381.0, 281.5], [309.0, 205.5, 467.0, 442.5], [139.0, 62.0, 267.0, 254.0]], "frame_0042.png": [[245.0, 60.5, 393.0, 283.5], [139.0, 62.0, 267.0, 254.0], [287.0, 209.5, 441.0, 440.5]], "frame_0043.png": [[256.0, 59.0, 406.0, 285.0], [139.0, 62.0, 267.0, 254.0], [263.5, 211.0, 414.5, 437.0]], "frame_0044.png": [[139.0, 62.0, 267.0, 254.0], [265.5, 58.5, 418.5, 287.5], [241.0, 210.0, 389.0, 432.0]], "frame_0045.png": [[274.5, 59.0, 429.5, 291.0], [139.0, 62.0, 267.0, 254.0], [220.5, 207.5, 365.5, 424.5]], "frame_0046.png": [[201.0, 202.5, 343.0, 415.5], [139.0, 62.0, 267.0, 254.0], [284.5, 59.0, 441.5, 295.0]], "frame_0047.png": [[139.0, 62.0, 267.0, 254.0], [183.5, 196.5, 322.5, 405.5], [293.5, 60.5, 452.5, 299.5]], "frame_0048.png": [[168.5, 189.0, 305.5, 395.0], [301.5, 62.0, 462.5, 304.0], [139.0, 62.0, 267.0, 254.0]], "frame_0049.png": [[308.5, 65.0, 471.5, 309.0], [156.5, 181.5, 291.5, 384.5], [139.0, 62.0, 267.0, 254.0]], "frame_0050.png": [[316.0, 68.0, 480.0, 314.0], [148.0, 171.5, 282.0, 372.5], [139.0, 62.0, 267.0, 254.0]], "frame_0051.png": [[141.5, 162.5, 274.5, 361.5], [321.5, 72.0, 486.5, 320.0], [139.0, 61.0, 267.0, 253.0]], "frame_0052.png": [[139.0, 61.0, 267.0, 253.0], [326.0, 77.5, 492.0, 326.5], [138.0, 152.0, 270.0, 350.0]], "frame_0053.png": [[139.0, 61.0, 267.0, 253.0], [137.0, 141.0, 269.0, 339.0], [329.5, 82.0, 496.5, 332.0]], "frame_0054.png": [[139.0, 61.0, 267.0, 253.0], [331.5, 87.5, 498.5, 338.5], [139.5, 131.5, 270.5, 328.5]], "frame_0055.png": [[332.5, 94.0, 499.5, 344.0], [139.0, 61.0, 267.0, 253.0], [143.0, 121.0, 275.0, 319.0]], "frame_0056.png": [[332.0, 101.5, 498.0, 350.5], [149.0, 112.0, 281.0, 310.0], [139.0, 61.0, 267.0, 253.0]], "frame_0057.png": [[139.0, 61.0, 267.0, 253.0], [329.5, 108.0, 494.5, 356.0], [156.5, 103.0, 289.5, 303.0]], "frame_0058.png": [[139.0, 61.0, 267.0, 253.0], [166.0, 94.5, 300.0, 295.5], [326.0, 115.0, 490.0, 361.0]], "frame_0059.png": [[177.0, 87.0, 313.0, 291.0], [320.5, 122.0, 483.5, 366.0], [139.0, 61.0, 267.0, 253.0]], "frame_0060.png": [[139.0, 61.0, 267.0, 253.0], [188.5, 80.0, 325.5, 286.0], [313.5, 128.0, 474.5, 370.0]], "frame_0061.png": [[139.0, 61.0, 267.0, 253.0], [313.5, 128.0, 474.5, 370.0], [188.5, 80.0, 325.5, 286.0]], "frame_0062.png": [[313.5, 128.0, 474.5, 370.0], [188.5, 80.0, 325.5, 286.0], [139.0, 61.0, 267.0, 253.0]], "frame_0063.png": [[188.5, 80.0, 325.5, 286.0], [139.0, 61.0, 267.0, 253.0], [313.5, 128.0, 474.5, 370.0]], "frame_0064.png": [[313.5, 128.0, 474.5, 370.0], [189.5, 80.0, 326.5, 286.0], [139.0, 61.0, 267.0, 253.0]], "frame_0065.png": [[139.0, 61.0, 267.0, 253.0], [189.5, 80.0, 326.5, 286.0], [313.5, 128.0, 474.5, 370.0]], "frame_0066.png": [[139.0, 61.0, 267.0, 253.0], [189.5, 80.0, 326.5, 286.0], [313.5, 128.0, 474.5, 370.0]], "frame_0067.png": [[131.5, 66.0, 258.5, 256.0], [189.5, 80.0, 326.5, 286.0], [324.0, 118.0, 488.0, 364.0]], "frame_0068.png": [[189.5, 80.0, 326.5, 286.0], [124.0, 70.5, 250.0, 259.5], [332.0, 108.5, 498.0, 357.5]], "frame_0069.png": [[337.0, 98.0, 505.0, 350.0], [189.5, 80.0, 326.5, 286.0], [118.5, 75.0, 243.5, 263.0]], "frame_0070.png": [[189.5, 80.0, 326.5, 286.0], [112.5, 79.5, 237.5, 266.5], [340.5, 88.0, 509.5, 342.0]], "frame_0071.png": [[341.0, 78.5, 511.0, 333.5], [109.0, 84.5, 233.0, 271.5], [189.5, 80.0, 326.5, 286.0]], "frame_0072.png": [[340.0, 70.5, 510.0, 325.5], [189.5, 80.0, 326.5, 286.0], [106.0, 89.5, 230.0, 276.5]], "frame_0073.png": [[189.5, 80.0, 326.5, 286.0], [105.0, 95.5, 229.0, 282.5], [336.0, 62.5, 506.0, 317.5]], "frame_0074.png": [[189.5, 80.0, 326.5, 286.0], [330.5, 55.0, 499.5, 309.0], [104.5, 100.5, 229.5, 287.5]], "frame_0075.png": [[324.0, 49.0, 492.0, 301.0], [105.5, 105.0, 230.5, 293.0], [189.5, 80.0, 326.5, 286.0]], "frame_0076.png": [[109.0, 109.5, 235.0, 298.5], [316.0, 43.5, 482.0, 292.5], [189.5, 80.0, 326.5, 286.0]], "frame_0077.png": [[113.5, 113.5, 240.5, 304.5], [307.0, 40.0, 471.0, 286.0], [189.5, 80.0, 326.5, 286.0]], "frame_0078.png": [[189.5, 80.0, 326.5, 286.0], [296.5, 37.0, 457.5, 279.0], [119.0, 118.0, 247.0, 310.0]], "frame_0079.png": [[189.5, 80.0, 326.5, 286.0], [285.0, 34.0, 443.0, 272.0], [126.5, 121.0, 255.5, 315.0]], "frame_0080.png": [[273.5, 33.5, 428.5, 266.5], [135.5, 123.0, 266.5, 319.0], [189.5, 80.0, 326.5, 286.0]], "frame_0081.png": [[189.5, 80.0, 326.5, 286.0], [261.0, 33.0, 413.0, 261.0], [146.0, 125.0, 278.0, 323.0]], "frame_0082.png": [[189.5, 80.0, 326.5, 286.0], [247.5, 33.0, 396.5, 257.0], [157.0, 125.5, 291.0, 326.5]], "frame_0083.png": [[168.0, 125.0, 304.0, 329.0], [234.0, 34.5, 380.0, 253.5], [189.5, 80.0, 326.5, 286.0]], "frame_0084.png": [[180.5, 125.0, 317.5, 331.0], [189.5, 80.0, 326.5, 286.0], [220.5, 37.0, 363.5, 251.0]], "frame_0085.png": [[189.5, 80.0, 326.5, 286.0], [207.0, 39.0, 347.0, 249.0], [192.5, 122.5, 331.5, 331.5]], "frame_0086.png": [[193.5, 42.0, 330.5, 248.0], [204.5, 120.0, 345.5, 332.0], [189.5, 80.0, 326.5, 286.0]], "frame_0087.png": [[215.5, 116.5, 358.5, 331.5], [180.0, 46.0, 314.0, 248.0], [189.5, 80.0, 326.5, 286.0]], "frame_0088.png": [[226.5, 112.0, 371.5, 330.0], [166.0, 51.0, 298.0, 249.0], [189.5, 80.0, 326.5, 286.0]], "frame_0089.png": [[236.5, 108.0, 383.5, 328.0], [153.0, 56.5, 283.0, 251.5], [189.5, 80.0, 326.5, 286.0]], "frame_0090.png": [[189.5, 80.0, 326.5, 286.0], [246.0, 102.5, 394.0, 325.5], [141.0, 62.0, 269.0, 254.0]], "frame_0091.png": [[246.0, 102.5, 394.0, 325.5], [140.0, 62.0, 268.0, 254.0], [189.5, 80.0, 326.5, 286.0]], "frame_0092.png": [[140.0, 62.0, 268.0, 254.0], [246.0, 102.5, 394.0, 325.5], [189.5, 80.0, 326.5, 286.0]], "frame_0093.png": [[189.5, 80.0, 326.5, 286.0], [140.0, 62.0, 268.0, 254.0], [246.0, 102.5, 394.0, 325.5]], "frame_0094.png": [[189.5, 80.0, 326.5, 286.0], [140.0, 62.0, 268.0, 254.0], [246.0, 102.5, 394.0, 325.5]], "frame_0095.png": [[246.0, 102.5, 394.0, 325.5], [140.0, 62.0, 268.0, 254.0], [189.5, 80.0, 326.5, 286.0]], "frame_0096.png": [[246.0, 102.5, 394.0, 325.5], [189.5, 80.0, 326.5, 286.0], [140.0, 62.0, 268.0, 254.0]], "frame_0097.png": [[140.0, 62.0, 268.0, 254.0], [202.0, 85.0, 342.0, 295.0], [278.0, 115.0, 432.0, 347.0]], "frame_0098.png": [[215.5, 91.0, 358.5, 305.0], [313.5, 129.0, 474.5, 371.0], [140.0, 62.0, 268.0, 254.0]], "frame_0099.png": [[230.5, 96.0, 375.5, 314.0], [352.0, 143.5, 520.0, 396.5], [140.0, 62.0, 268.0, 254.0]], "frame_0100.png": [[246.0, 101.5, 394.0, 324.5], [396.0, 161.0, 572.0, 425.0], [140.0, 62.0, 268.0, 254.0]], "frame_0101.png": [[140.0, 62.0, 268.0, 254.0], [396.0, 161.0, 572.0, 425.0], [246.0, 101.5, 394.0, 324.5]], "frame_0102.png": [[396.0, 161.0, 572.0, 425.0], [246.0, 101.5, 394.0, 324.5], [140.0, 62.0, 268.0, 254.0]], "frame_0103.png": [[246.0, 101.5, 394.0, 324.5], [140.0, 62.0, 268.0, 254.0], [396.0, 161.0, 572.0, 425.0]], "frame_0104.png": [[246.0, 101.5, 394.0, 324.5], [140.0, 62.0, 268.0, 254.0], [396.0, 161.0, 572.0, 425.0]], "frame_0105.png": [[246.0, 101.5, 394.0, 324.5], [140.0, 61.0, 268.0, 253.0], [396.0, 161.0, 572.0, 425.0]], "frame_0106.png": [[396.0, 161.0, 572.0, 425.0], [140.0, 61.0, 268.0, 253.0], [246.0, 101.5, 394.0, 324.5]], "frame_0107.png": [[246.0, 101.5, 394.0, 324.5], [140.0, 61.0, 268.0, 253.0], [396.0, 161.0, 572.0, 425.0]], "frame_0108.png": [[140.0, 61.0, 268.0, 253.0], [246.0, 101.5, 394.0, 324.5], [396.0, 161.0, 572.0, 425.0]], "frame_0109.png": [[140.0, 61.0, 268.0, 253.0], [396.0, 161.0, 572.0, 425.0], [246.0, 101.5, 394.0, 324.5]], "frame_0110.png": [[246.0, 101.5, 394.0, 324.5], [140.0, 61.0, 268.0, 253.0], [396.0, 161.0, 572.0, 425.0]], "frame_0111.png": [[396.0, 161.0, 572.0, 425.0], [140.0, 61.0, 268.0, 253.0], [246.0, 101.5, 394.0, 324.5]], "frame_0112.png": [[140.0, 61.0, 268.0, 253.0], [246.0, 101.5, 394.0, 324.5], [396.0, 161.0, 572.0, 425.0]], "frame_0113.png": [[246.0, 101.5, 394.0, 324.5], [140.0, 61.0, 268.0, 253.0], [396.0, 161.0, 572.0, 425.0]], "frame_0114.png": [[246.0, 101.5, 394.0, 324.5], [396.0, 161.0, 572.0, 425.0], [140.0, 61.0, 268.0, 253.0]], "frame_0115.png": [[140.0, 61.0, 268.0, 253.0], [246.0, 101.5, 394.0, 324.5], [396.0, 161.0, 572.0, 425.0]], "frame_0116.png": [[396.0, 161.0, 572.0, 425.0], [140.0, 61.0, 268.0, 253.0], [246.0, 101.5, 394.0, 324.5]], "frame_0117.png": [[396.0, 161.0, 572.0, 425.0], [140.0, 61.0, 268.0, 253.0], [246.0, 101.5, 394.0, 324.5]], "frame_0118.png": [[396.0, 161.0, 572.0, 425.0], [246.0, 101.5, 394.0, 324.5], [140.0, 61.0, 268.0, 253.0]], "frame_0119.png": [[396.0, 161.0, 572.0, 425.0], [246.0, 101.5, 394.0, 324.5], [140.0, 61.0, 268.0, 253.0]], "frame_0120.png": [[140.0, 61.0, 268.0, 253.0], [396.0, 161.0, 572.0, 425.0], [246.0, 101.5, 394.0, 324.5]], "frame_0121.png": [[396.0, 161.0, 572.0, 425.0], [140.0, 61.0, 268.0, 253.0], [246.0, 101.5, 394.0, 324.5]], "frame_0122.png": [[246.0, 101.5, 394.0, 324.5], [396.0, 161.0, 572.0, 425.0], [140.0, 61.0, 268.0, 253.0]], "frame_0123.png": [[396.0, 161.0, 572.0, 425.0], [245.0, 101.5, 393.0, 324.5], [140.0, 61.0, 268.0, 253.0]], "frame_0124.png": [[140.0, 61.0, 268.0, 253.0], [245.0, 101.5, 393.0, 324.5], [396.0, 161.0, 572.0, 425.0]], "frame_0125.png": [[396.0, 161.0, 572.0, 425.0], [245.0, 101.5, 393.0, 324.5], [140.0, 61.0, 268.0, 253.0]], "frame_0126.png": [[245.0, 101.5, 393.0, 324.5], [140.0, 61.0, 268.0, 253.0], [396.0, 161.0, 572.0, 425.0]], "frame_0127.png": [[396.0, 161.0, 572.0, 425.0], [245.0, 101.5, 393.0, 324.5], [140.0, 61.0, 268.0, 253.0]], "frame_0128.png": [[396.0, 161.0, 572.0, 425.0], [245.0, 101.5, 393.0, 324.5], [140.0, 62.0, 268.0, 254.0]], "frame_0129.png": [[396.0, 161.0, 572.0, 425.0], [140.0, 62.0, 268.0, 254.0], [245.0, 101.5, 393.0, 324.5]], "frame_0130.png": [[140.0, 62.0, 268.0, 254.0], [396.0, 161.0, 572.0, 425.0], [246.0, 101.5, 394.0, 324.5]], "frame_0131.png": [[246.0, 101.5, 394.0, 324.5], [396.0, 161.0, 572.0, 425.0], [140.0, 62.0, 268.0, 254.0]], "frame_0132.png": [[396.0, 161.0, 572.0, 425.0], [140.0, 62.0, 268.0, 254.0], [246.0, 101.5, 394.0, 324.5]], "frame_0133.png": [[246.0, 101.5, 394.0, 324.5], [140.0, 62.0, 268.0, 254.0], [396.0, 161.0, 572.0, 425.0]], "frame_0134.png": [[140.0, 62.0, 268.0, 254.0], [396.0, 161.0, 572.0, 425.0], [246.0, 101.5, 394.0, 324.5]], "frame_0135.png": [[396.0, 161.0, 572.0, 425.0], [140.0, 62.0, 268.0, 254.0], [246.0, 101.5, 394.0, 324.5]], "frame_0136.png": [[140.0, 62.0, 268.0, 254.0], [246.0, 101.5, 394.0, 324.5], [396.0, 161.0, 572.0, 425.0]], "frame_0137.png": [[140.0, 62.0, 268.0, 254.0], [246.0, 101.5, 394.0, 324.5], [396.0, 161.0, 572.0, 425.0]], "frame_0138.png": [[140.0, 62.0, 268.0, 254.0], [246.0, 101.5, 394.0, 324.5], [396.0, 161.0, 572.0, 425.0]], "frame_0139.png": [[396.0, 161.0, 572.0, 425.0], [246.0, 101.5, 394.0, 324.5], [140.0, 62.0, 268.0, 254.0]], "frame_0140.png": [[396.0, 161.0, 572.0, 425.0], [140.0, 62.0, 268.0, 254.0], [246.0, 101.5, 394.0, 324.5]], "frame_0141.png": [[140.0, 62.0, 268.0, 254.0], [396.0, 161.0, 572.0, 425.0], [246.0, 101.5, 394.0, 324.5]], "frame_0142.png": [[396.0, 161.0, 572.0, 425.0], [140.0, 62.0, 268.0, 254.0], [246.0, 101.5, 394.0, 324.5]], "frame_0143.png": [[396.0, 161.0, 572.0, 425.0], [246.0, 101.5, 394.0, 324.5], [140.0, 62.0, 268.0, 254.0]], "frame_0144.png": [[396.0, 161.0, 572.0, 425.0], [246.0, 101.5, 394.0, 324.5], [140.0, 62.0, 268.0, 254.0]], "frame_0145.png": [[140.0, 62.0, 268.0, 254.0], [246.0, 101.5, 394.0, 324.5], [396.0, 161.0, 572.0, 425.0]], "frame_0146.png": [[246.0, 101.5, 394.0, 324.5], [140.0, 62.0, 268.0, 254.0], [396.0, 161.0, 572.0, 425.0]], "frame_0147.png": [[140.0, 62.0, 268.0, 254.0], [396.0, 161.0, 572.0, 425.0], [246.0, 101.5, 394.0, 324.5]], "frame_0148.png": [[246.0, 101.5, 394.0, 324.5], [140.0, 62.0, 268.0, 254.0], [396.0, 161.0, 572.0, 425.0]], "frame_0149.png": [[396.0, 161.0, 572.0, 425.0], [246.0, 101.5, 394.0, 324.5], [140.0, 62.0, 268.0, 254.0]]}